3600 40483799 5.622290564069882e-10 164.11361596098598 0.7 0.9994838582579549 0.06475246115744335
7200 80967598 5.622290564069882e-10 164.11361596098598 0.7 0.9994838582579549 0.06475246115744335
10800 121451396 5.622290564069882e-10 164.11361596098598 0.7 0.9994838582579549 0.06475246115744335
14400 161935195 5.622290564069882e-10 164.11361596098598 0.7 0.9994838582579549 0.06475246115744335
18000 202418993 5.622290564069882e-10 164.11361596098598 0.7 0.9994838582579549 0.06475246115744335
21600 242902792 5.622290564069882e-10 164.11361596098598 0.7 0.9994838582579549 0.06475246115744335
25200 283386590 5.622290564069882e-10 164.11361596098598 0.7 0.9994838582579549 0.06475246115744335
28800 323870389 5.622290564069882e-10 164.11361596098598 0.7 0.9994838582579549 0.06475246115744335
32400 364354187 5.622290564069882e-10 164.11361596098598 0.7 0.9994838582579549 0.06475246115744335
36000 404837986 5.622290564069882e-10 164.11361596098598 0.7 0.9994838582579549 0.06475246115744335
39600 445321784 5.622290564069882e-10 164.11361596098598 0.7 0.9994838582579549 0.06475246115744335
43200 485805583 5.622290564069882e-10 164.11361596098598 0.7 0.9994838582579549 0.06475246115744335
46800 526289382 5.622290564069882e-10 164.11361596098598 0.7 0.9994838582579549 0.06475246115744335
50400 566773180 5.622290564069882e-10 164.11361596098598 0.7 0.9994838582579549 0.06475246115744335
54000 607256979 5.622290564069882e-10 164.11361596098598 0.7 0.9994838582579549 0.06475246115744335
57600 647740777 5.622290564069882e-10 164.11361596098598 0.7 0.9994838582579549 0.06475246115744335
61200 688224576 5.622290564069882e-10 164.11361596098598 0.7 0.9994838582579549 0.06475246115744335
64800 728708374 5.622290564069882e-10 164.11361596098598 0.7 0.9994838582579549 0.06475246115744335
68400 769192173 5.622290564069882e-10 164.11361596098598 0.7 0.9994838582579549 0.06475246115744335
72000 809675971 5.622290564069882e-10 164.11361596098598 0.7 0.9994838582579549 0.06475246115744335
75600 850159770 5.622290564069882e-10 164.11361596098598 0.7 0.9994838582579549 0.06475246115744335
79200 890643568 5.622290564069882e-10 164.11361596098598 0.7 0.9994838582579549 0.06475246115744335
82800 931127367 5.622290564069882e-10 164.11361596098598 0.7 0.9994838582579549 0.06475246115744335
86400 971611166 5.622290564069882e-10 164.11361596098598 0.7 0.9994838582579549 0.06475246115744335
90000 1012094964 5.622290564069882e-10 164.11361596098598 0.7 0.9994838582579549 0.06475246115744335
93600 1052578763 5.622290564069882e-10 164.11361596098598 0.7 0.9994838582579549 0.06475246115744335
97200 1093062561 5.622290564069882e-10 164.11361596098598 0.7 0.9994838582579549 0.06475246115744335
100800 1133546360 5.622290564069882e-10 164.11361596098598 0.7 0.9994838582579549 0.06475246115744335
104400 1174030158 5.622290564069882e-10 164.11361596098598 0.7 0.9994838582579549 0.06475246115744335
108000 1214513957 5.622290564069882e-10 164.11361596098598 0.7 0.9994838582579549 0.06475246115744335
111600 1254997755 5.622290564069882e-10 164.11361596098598 0.7 0.9994838582579549 0.06475246115744335
115200 1295481554 5.622290564069882e-10 164.11361596098598 0.7 0.9994838582579549 0.06475246115744335
118800 1335965352 5.622290564069882e-10 164.11361596098598 0.7 0.9994838582579549 0.06475246115744335
122400 1376449151 5.622290564069882e-10 164.11361596098598 0.7 0.9994838582579549 0.06475246115744335
126000 1416932950 5.622290564069882e-10 164.11361596098598 0.7 0.9994838582579549 0.06475246115744335
129600 1457416748 5.622290564069882e-10 164.11361596098598 0.7 0.9994838582579549 0.06475246115744335
133200 1495179136 5.622290564069882e-10 164.11361596098598 0.7 0.9994838582579549 0.06475246115744335
