3600 40483799 3.9443654711661245e-10 166.51494474452576 0.9089999999999999 0.9996099016336043 0.015862245910617807
7200 80967598 3.9443654711661245e-10 166.51494474452576 0.9089999999999999 0.9996099016336043 0.015862245910617807
10800 121451396 3.9443654711661245e-10 166.51494474452576 0.9089999999999999 0.9996099016336043 0.015862245910617807
14400 161935195 3.9443654711661245e-10 166.51494474452576 0.9089999999999999 0.9996099016336043 0.015862245910617807
18000 202418993 3.9443654711661245e-10 166.51494474452576 0.9089999999999999 0.9996099016336043 0.015862245910617807
21600 242902792 3.9443654711661245e-10 166.51494474452576 0.9089999999999999 0.9996099016336043 0.015862245910617807
25200 283386590 3.9443654711661245e-10 166.51494474452576 0.9089999999999999 0.9996099016336043 0.015862245910617807
28800 323870389 3.9443654711661245e-10 166.51494474452576 0.9089999999999999 0.9996099016336043 0.015862245910617807
32400 364354187 3.9443654711661245e-10 166.51494474452576 0.9089999999999999 0.9996099016336043 0.015862245910617807
36000 404837986 3.9443654711661245e-10 166.51494474452576 0.9089999999999999 0.9996099016336043 0.015862245910617807
39600 445321784 3.9443654711661245e-10 166.51494474452576 0.9089999999999999 0.9996099016336043 0.015862245910617807
43200 485805583 3.9443654711661245e-10 166.51494474452576 0.9089999999999999 0.9996099016336043 0.015862245910617807
46800 526289382 3.9443654711661245e-10 166.51494474452576 0.9089999999999999 0.9996099016336043 0.015862245910617807
50400 566773180 3.9443654711661245e-10 166.51494474452576 0.9089999999999999 0.9996099016336043 0.015862245910617807
54000 607256979 3.9443654711661245e-10 166.51494474452576 0.9089999999999999 0.9996099016336043 0.015862245910617807
57600 647740777 3.9443654711661245e-10 166.51494474452576 0.9089999999999999 0.9996099016336043 0.015862245910617807
61200 688224576 3.9443654711661245e-10 166.51494474452576 0.9089999999999999 0.9996099016336043 0.015862245910617807
64800 728708374 3.9443654711661245e-10 166.51494474452576 0.9089999999999999 0.9996099016336043 0.015862245910617807
68400 769192173 3.9443654711661245e-10 166.51494474452576 0.9089999999999999 0.9996099016336043 0.015862245910617807
72000 809675971 3.9443654711661245e-10 166.51494474452576 0.9089999999999999 0.9996099016336043 0.015862245910617807
75600 850159770 3.9443654711661245e-10 166.51494474452576 0.9089999999999999 0.9996099016336043 0.015862245910617807
79200 890643568 3.9443654711661245e-10 166.51494474452576 0.9089999999999999 0.9996099016336043 0.015862245910617807
82800 931127367 3.9443654711661245e-10 166.51494474452576 0.9089999999999999 0.9996099016336043 0.015862245910617807
86400 971611166 3.9443654711661245e-10 166.51494474452576 0.9089999999999999 0.9996099016336043 0.015862245910617807
90000 1012094964 3.9443654711661245e-10 166.51494474452576 0.9089999999999999 0.9996099016336043 0.015862245910617807
93600 1030526338 3.9443654711661245e-10 166.51494474452576 0.9089999999999999 0.9996099016336043 0.015862245910617807
