3600 40483799 3.949221233189132e-10 167.78960564354801 0.9029999999999999 0.9997675752856324 0.004771298573239564
7200 80967598 3.949221233189132e-10 167.78960564354801 0.9029999999999999 0.9997675752856324 0.004771298573239564
10800 121451396 3.949221233189132e-10 167.78960564354801 0.9029999999999999 0.9997675752856324 0.004771298573239564
14400 161935195 3.949221233189132e-10 167.78960564354801 0.9029999999999999 0.9997675752856324 0.004771298573239564
18000 202418993 3.949221233189132e-10 167.78960564354801 0.9029999999999999 0.9997675752856324 0.004771298573239564
21600 242902792 3.949221233189132e-10 167.78960564354801 0.9029999999999999 0.9997675752856324 0.004771298573239564
25200 283386590 3.949221233189132e-10 167.78960564354801 0.9029999999999999 0.9997675752856324 0.004771298573239564
28800 323870389 3.949221233189132e-10 167.78960564354801 0.9029999999999999 0.9997675752856324 0.004771298573239564
32400 364354187 3.949221233189132e-10 167.78960564354801 0.9029999999999999 0.9997675752856324 0.004771298573239564
36000 404837986 3.949221233189132e-10 167.78960564354801 0.9029999999999999 0.9997675752856324 0.004771298573239564
39600 445321784 3.949221233189132e-10 167.78960564354801 0.9029999999999999 0.9997675752856324 0.004771298573239564
43200 485805583 3.949221233189132e-10 167.78960564354801 0.9029999999999999 0.9997675752856324 0.004771298573239564
46800 526289382 3.949221233189132e-10 167.78960564354801 0.9029999999999999 0.9997675752856324 0.004771298573239564
50400 566773180 3.949221233189132e-10 167.78960564354801 0.9029999999999999 0.9997675752856324 0.004771298573239564
54000 607256979 3.949221233189132e-10 167.78960564354801 0.9029999999999999 0.9997675752856324 0.004771298573239564
57600 647740777 3.949221233189132e-10 167.78960564354801 0.9029999999999999 0.9997675752856324 0.004771298573239564
61200 688224576 3.949221233189132e-10 167.78960564354801 0.9029999999999999 0.9997675752856324 0.004771298573239564
64800 728708374 3.949221233189132e-10 167.78960564354801 0.9029999999999999 0.9997675752856324 0.004771298573239564
68400 741089669 3.949221233189132e-10 167.78960564354801 0.9029999999999999 0.9997675752856324 0.004771298573239564
