3600 40483799 4.1643799746059894e-10 165.77703424831506 0.8969999999999999 0.9998002674677964 0.008364212577452528
7200 80967598 4.1643799746059894e-10 165.77703424831506 0.8969999999999999 0.9998002674677964 0.008364212577452528
10800 121451396 4.1643799746059894e-10 165.77703424831506 0.8969999999999999 0.9998002674677964 0.008364212577452528
14400 161935195 4.1643799746059894e-10 165.77703424831506 0.8969999999999999 0.9998002674677964 0.008364212577452528
18000 202418993 4.1643799746059894e-10 165.77703424831506 0.8969999999999999 0.9998002674677964 0.008364212577452528
21600 242902792 4.1643799746059894e-10 165.77703424831506 0.8969999999999999 0.9998002674677964 0.008364212577452528
25200 283386590 4.1643799746059894e-10 165.77703424831506 0.8969999999999999 0.9998002674677964 0.008364212577452528
28800 323870389 4.1643799746059894e-10 165.77703424831506 0.8969999999999999 0.9998002674677964 0.008364212577452528
32400 364354187 4.1643799746059894e-10 165.77703424831506 0.8969999999999999 0.9998002674677964 0.008364212577452528
36000 404837986 4.1643799746059894e-10 165.77703424831506 0.8969999999999999 0.9998002674677964 0.008364212577452528
39600 445321784 4.1643799746059894e-10 165.77703424831506 0.8969999999999999 0.9998002674677964 0.008364212577452528
43200 485805583 4.1643799746059894e-10 165.77703424831506 0.8969999999999999 0.9998002674677964 0.008364212577452528
46800 526289382 4.1643799746059894e-10 165.77703424831506 0.8969999999999999 0.9998002674677964 0.008364212577452528
50400 566773180 4.1643799746059894e-10 165.77703424831506 0.8969999999999999 0.9998002674677964 0.008364212577452528
54000 607256979 4.1643799746059894e-10 165.77703424831506 0.8969999999999999 0.9998002674677964 0.008364212577452528
57600 647740777 4.1643799746059894e-10 165.77703424831506 0.8969999999999999 0.9998002674677964 0.008364212577452528
61200 688224576 4.1643799746059894e-10 165.77703424831506 0.8969999999999999 0.9998002674677964 0.008364212577452528
64800 728708374 4.1643799746059894e-10 165.77703424831506 0.8969999999999999 0.9998002674677964 0.008364212577452528
68400 769192173 4.1643799746059894e-10 165.77703424831506 0.8969999999999999 0.9998002674677964 0.008364212577452528
72000 809675971 4.1643799746059894e-10 165.77703424831506 0.8969999999999999 0.9998002674677964 0.008364212577452528
75600 850159770 4.1643799746059894e-10 165.77703424831506 0.8969999999999999 0.9998002674677964 0.008364212577452528
79200 890643568 4.1643799746059894e-10 165.77703424831506 0.8969999999999999 0.9998002674677964 0.008364212577452528
82800 931127367 4.1643799746059894e-10 165.77703424831506 0.8969999999999999 0.9998002674677964 0.008364212577452528
86400 958825033 4.1643799746059894e-10 165.77703424831506 0.8969999999999999 0.9998002674677964 0.008364212577452528
