3600 40483799 3.734720494906358e-10 165.33227617337604 0.9099999999999999 0.997629368380515 0.11577236370496796
7200 80967598 3.734720494906358e-10 165.33227617337604 0.9099999999999999 0.997629368380515 0.11577236370496796
10800 121451396 3.734720494906358e-10 165.33227617337604 0.9099999999999999 0.997629368380515 0.11577236370496796
14400 161935195 3.734720494906358e-10 165.33227617337604 0.9099999999999999 0.997629368380515 0.11577236370496796
18000 202418993 3.734720494906358e-10 165.33227617337604 0.9099999999999999 0.997629368380515 0.11577236370496796
21600 242902792 3.734720494906358e-10 165.33227617337604 0.9099999999999999 0.997629368380515 0.11577236370496796
25200 283386590 3.734720494906358e-10 165.33227617337604 0.9099999999999999 0.997629368380515 0.11577236370496796
28800 323870389 3.734720494906358e-10 165.33227617337604 0.9099999999999999 0.997629368380515 0.11577236370496796
32400 364354187 3.734720494906358e-10 165.33227617337604 0.9099999999999999 0.997629368380515 0.11577236370496796
36000 404837986 3.734720494906358e-10 165.33227617337604 0.9099999999999999 0.997629368380515 0.11577236370496796
39600 445321784 3.734720494906358e-10 165.33227617337604 0.9099999999999999 0.997629368380515 0.11577236370496796
43200 485805583 3.734720494906358e-10 165.33227617337604 0.9099999999999999 0.997629368380515 0.11577236370496796
46800 526289382 3.734720494906358e-10 165.33227617337604 0.9099999999999999 0.997629368380515 0.11577236370496796
50400 566773180 3.734720494906358e-10 165.33227617337604 0.9099999999999999 0.997629368380515 0.11577236370496796
54000 607256979 3.734720494906358e-10 165.33227617337604 0.9099999999999999 0.997629368380515 0.11577236370496796
57600 647740777 3.734720494906358e-10 165.33227617337604 0.9099999999999999 0.997629368380515 0.11577236370496796
61200 688224576 3.734720494906358e-10 165.33227617337604 0.9099999999999999 0.997629368380515 0.11577236370496796
64800 728708374 3.734720494906358e-10 165.33227617337604 0.9099999999999999 0.997629368380515 0.11577236370496796
68400 769192173 3.734720494906358e-10 165.33227617337604 0.9099999999999999 0.997629368380515 0.11577236370496796
72000 809675971 3.734720494906358e-10 165.33227617337604 0.9099999999999999 0.997629368380515 0.11577236370496796
75600 850159770 3.734720494906358e-10 165.33227617337604 0.9099999999999999 0.997629368380515 0.11577236370496796
79200 890643568 3.734720494906358e-10 165.33227617337604 0.9099999999999999 0.997629368380515 0.11577236370496796
82800 931127367 3.734720494906358e-10 165.33227617337604 0.9099999999999999 0.997629368380515 0.11577236370496796
86400 971611166 3.734720494906358e-10 165.33227617337604 0.9099999999999999 0.997629368380515 0.11577236370496796
90000 1012094964 3.734720494906358e-10 165.33227617337604 0.9099999999999999 0.997629368380515 0.11577236370496796
93600 1052578763 3.734720494906358e-10 165.33227617337604 0.9099999999999999 0.997629368380515 0.11577236370496796
97200 1076846551 3.734720494906358e-10 165.33227617337604 0.9099999999999999 0.997629368380515 0.11577236370496796
