3600 40483799 4.0456298532147615e-10 166.2149438625294 0.9099999999999999 0.9993418959910239 0.021431750623548095
7200 80967598 4.0456298532147615e-10 166.2149438625294 0.9099999999999999 0.9993418959910239 0.021431750623548095
10800 121451396 4.0456298532147615e-10 166.2149438625294 0.9099999999999999 0.9993418959910239 0.021431750623548095
14400 161935195 4.0456298532147615e-10 166.2149438625294 0.9099999999999999 0.9993418959910239 0.021431750623548095
18000 202418993 4.0456298532147615e-10 166.2149438625294 0.9099999999999999 0.9993418959910239 0.021431750623548095
21600 242902792 4.0456298532147615e-10 166.2149438625294 0.9099999999999999 0.9993418959910239 0.021431750623548095
25200 283386590 4.0456298532147615e-10 166.2149438625294 0.9099999999999999 0.9993418959910239 0.021431750623548095
28800 323870389 4.0456298532147615e-10 166.2149438625294 0.9099999999999999 0.9993418959910239 0.021431750623548095
32400 364354187 4.0456298532147615e-10 166.2149438625294 0.9099999999999999 0.9993418959910239 0.021431750623548095
36000 404837986 4.0456298532147615e-10 166.2149438625294 0.9099999999999999 0.9993418959910239 0.021431750623548095
39600 445321784 4.0456298532147615e-10 166.2149438625294 0.9099999999999999 0.9993418959910239 0.021431750623548095
43200 485805583 4.0456298532147615e-10 166.2149438625294 0.9099999999999999 0.9993418959910239 0.021431750623548095
46800 526289382 4.0456298532147615e-10 166.2149438625294 0.9099999999999999 0.9993418959910239 0.021431750623548095
50400 566773180 4.0456298532147615e-10 166.2149438625294 0.9099999999999999 0.9993418959910239 0.021431750623548095
54000 607256979 4.0456298532147615e-10 166.2149438625294 0.9099999999999999 0.9993418959910239 0.021431750623548095
57600 647740777 4.0456298532147615e-10 166.2149438625294 0.9099999999999999 0.9993418959910239 0.021431750623548095
61200 688224576 4.0456298532147615e-10 166.2149438625294 0.9099999999999999 0.9993418959910239 0.021431750623548095
64800 728708374 4.0456298532147615e-10 166.2149438625294 0.9099999999999999 0.9993418959910239 0.021431750623548095
68400 769192173 4.0456298532147615e-10 166.2149438625294 0.9099999999999999 0.9993418959910239 0.021431750623548095
72000 809675971 4.0456298532147615e-10 166.2149438625294 0.9099999999999999 0.9993418959910239 0.021431750623548095
75600 850159770 4.0456298532147615e-10 166.2149438625294 0.9099999999999999 0.9993418959910239 0.021431750623548095
79200 890643568 4.0456298532147615e-10 166.2149438625294 0.9099999999999999 0.9993418959910239 0.021431750623548095
82800 931127367 4.0456298532147615e-10 166.2149438625294 0.9099999999999999 0.9993418959910239 0.021431750623548095
86400 937222428 4.0456298532147615e-10 166.2149438625294 0.9099999999999999 0.9993418959910239 0.021431750623548095
