3600 40483799 4.5381560465457e-10 165.37137465291423 0.9149999999999999 0.9987649450827323 0.06550586084545257
7200 80967598 4.5381560465457e-10 165.37137465291423 0.9149999999999999 0.9987649450827323 0.06550586084545257
10800 121451396 4.5381560465457e-10 165.37137465291423 0.9149999999999999 0.9987649450827323 0.06550586084545257
14400 161935195 4.5381560465457e-10 165.37137465291423 0.9149999999999999 0.9987649450827323 0.06550586084545257
18000 202418993 4.5381560465457e-10 165.37137465291423 0.9149999999999999 0.9987649450827323 0.06550586084545257
21600 242902792 4.5381560465457e-10 165.37137465291423 0.9149999999999999 0.9987649450827323 0.06550586084545257
25200 283386590 4.5381560465457e-10 165.37137465291423 0.9149999999999999 0.9987649450827323 0.06550586084545257
28800 323870389 4.5381560465457e-10 165.37137465291423 0.9149999999999999 0.9987649450827323 0.06550586084545257
32400 364354187 4.5381560465457e-10 165.37137465291423 0.9149999999999999 0.9987649450827323 0.06550586084545257
36000 404837986 4.5381560465457e-10 165.37137465291423 0.9149999999999999 0.9987649450827323 0.06550586084545257
39600 445321784 4.5381560465457e-10 165.37137465291423 0.9149999999999999 0.9987649450827323 0.06550586084545257
43200 485805583 4.5381560465457e-10 165.37137465291423 0.9149999999999999 0.9987649450827323 0.06550586084545257
46800 526289382 4.5381560465457e-10 165.37137465291423 0.9149999999999999 0.9987649450827323 0.06550586084545257
50400 566773180 4.5381560465457e-10 165.37137465291423 0.9149999999999999 0.9987649450827323 0.06550586084545257
54000 607256979 4.5381560465457e-10 165.37137465291423 0.9149999999999999 0.9987649450827323 0.06550586084545257
57600 647740777 4.5381560465457e-10 165.37137465291423 0.9149999999999999 0.9987649450827323 0.06550586084545257
61200 688224576 4.5381560465457e-10 165.37137465291423 0.9149999999999999 0.9987649450827323 0.06550586084545257
64800 728708374 4.5381560465457e-10 165.37137465291423 0.9149999999999999 0.9987649450827323 0.06550586084545257
68400 769192173 4.5381560465457e-10 165.37137465291423 0.9149999999999999 0.9987649450827323 0.06550586084545257
72000 809675971 4.5381560465457e-10 165.37137465291423 0.9149999999999999 0.9987649450827323 0.06550586084545257
75600 850159770 4.5381560465457e-10 165.37137465291423 0.9149999999999999 0.9987649450827323 0.06550586084545257
79200 890643568 4.5381560465457e-10 165.37137465291423 0.9149999999999999 0.9987649450827323 0.06550586084545257
82800 893207542 4.5381560465457e-10 165.37137465291423 0.9149999999999999 0.9987649450827323 0.06550586084545257
