3600 40483799 4.331146635868928e-10 165.6863368274948 0.9199999999999999 0.9984425308285731 0.07076535526289332
7200 80967598 4.331146635868928e-10 165.6863368274948 0.9199999999999999 0.9984425308285731 0.07076535526289332
10800 121451396 4.331146635868928e-10 165.6863368274948 0.9199999999999999 0.9984425308285731 0.07076535526289332
14400 161935195 4.331146635868928e-10 165.6863368274948 0.9199999999999999 0.9984425308285731 0.07076535526289332
18000 202418993 4.331146635868928e-10 165.6863368274948 0.9199999999999999 0.9984425308285731 0.07076535526289332
21600 242902792 4.331146635868928e-10 165.6863368274948 0.9199999999999999 0.9984425308285731 0.07076535526289332
25200 283386590 4.331146635868928e-10 165.6863368274948 0.9199999999999999 0.9984425308285731 0.07076535526289332
28800 323870389 4.331146635868928e-10 165.6863368274948 0.9199999999999999 0.9984425308285731 0.07076535526289332
32400 364354187 4.331146635868928e-10 165.6863368274948 0.9199999999999999 0.9984425308285731 0.07076535526289332
36000 404837986 4.331146635868928e-10 165.6863368274948 0.9199999999999999 0.9984425308285731 0.07076535526289332
39600 445321784 4.331146635868928e-10 165.6863368274948 0.9199999999999999 0.9984425308285731 0.07076535526289332
43200 485805583 4.331146635868928e-10 165.6863368274948 0.9199999999999999 0.9984425308285731 0.07076535526289332
46800 526289382 4.331146635868928e-10 165.6863368274948 0.9199999999999999 0.9984425308285731 0.07076535526289332
50400 566773180 4.331146635868928e-10 165.6863368274948 0.9199999999999999 0.9984425308285731 0.07076535526289332
54000 607256979 4.331146635868928e-10 165.6863368274948 0.9199999999999999 0.9984425308285731 0.07076535526289332
57600 647740777 4.331146635868928e-10 165.6863368274948 0.9199999999999999 0.9984425308285731 0.07076535526289332
61200 688224576 4.331146635868928e-10 165.6863368274948 0.9199999999999999 0.9984425308285731 0.07076535526289332
64800 728708374 4.331146635868928e-10 165.6863368274948 0.9199999999999999 0.9984425308285731 0.07076535526289332
68400 769192173 4.331146635868928e-10 165.6863368274948 0.9199999999999999 0.9984425308285731 0.07076535526289332
72000 809675971 4.331146635868928e-10 165.6863368274948 0.9199999999999999 0.9984425308285731 0.07076535526289332
75600 850159770 4.331146635868928e-10 165.6863368274948 0.9199999999999999 0.9984425308285731 0.07076535526289332
79200 890643568 4.331146635868928e-10 165.6863368274948 0.9199999999999999 0.9984425308285731 0.07076535526289332
82800 893207542 4.331146635868928e-10 165.6863368274948 0.9199999999999999 0.9984425308285731 0.07076535526289332
