3600 40483799 4.034476288553974e-10 166.32829418964073 0.9079999999999999 0.9995727454041818 0.022819297722799458
7200 80967598 4.034476288553974e-10 166.32829418964073 0.9079999999999999 0.9995727454041818 0.022819297722799458
10800 121451396 4.034476288553974e-10 166.32829418964073 0.9079999999999999 0.9995727454041818 0.022819297722799458
14400 161935195 4.034476288553974e-10 166.32829418964073 0.9079999999999999 0.9995727454041818 0.022819297722799458
18000 202418993 4.034476288553974e-10 166.32829418964073 0.9079999999999999 0.9995727454041818 0.022819297722799458
21600 242902792 4.034476288553974e-10 166.32829418964073 0.9079999999999999 0.9995727454041818 0.022819297722799458
25200 283386590 4.034476288553974e-10 166.32829418964073 0.9079999999999999 0.9995727454041818 0.022819297722799458
28800 323870389 4.034476288553974e-10 166.32829418964073 0.9079999999999999 0.9995727454041818 0.022819297722799458
32400 364354187 4.034476288553974e-10 166.32829418964073 0.9079999999999999 0.9995727454041818 0.022819297722799458
36000 404837986 4.034476288553974e-10 166.32829418964073 0.9079999999999999 0.9995727454041818 0.022819297722799458
39600 445321784 4.034476288553974e-10 166.32829418964073 0.9079999999999999 0.9995727454041818 0.022819297722799458
43200 485805583 4.034476288553974e-10 166.32829418964073 0.9079999999999999 0.9995727454041818 0.022819297722799458
46800 526289382 4.034476288553974e-10 166.32829418964073 0.9079999999999999 0.9995727454041818 0.022819297722799458
50400 566773180 4.034476288553974e-10 166.32829418964073 0.9079999999999999 0.9995727454041818 0.022819297722799458
54000 607256979 4.034476288553974e-10 166.32829418964073 0.9079999999999999 0.9995727454041818 0.022819297722799458
57600 647740777 4.034476288553974e-10 166.32829418964073 0.9079999999999999 0.9995727454041818 0.022819297722799458
61200 688224576 4.034476288553974e-10 166.32829418964073 0.9079999999999999 0.9995727454041818 0.022819297722799458
64800 728708374 4.034476288553974e-10 166.32829418964073 0.9079999999999999 0.9995727454041818 0.022819297722799458
68400 769192173 4.034476288553974e-10 166.32829418964073 0.9079999999999999 0.9995727454041818 0.022819297722799458
72000 809675971 4.034476288553974e-10 166.32829418964073 0.9079999999999999 0.9995727454041818 0.022819297722799458
75600 850159770 4.034476288553974e-10 166.32829418964073 0.9079999999999999 0.9995727454041818 0.022819297722799458
79200 890643568 4.034476288553974e-10 166.32829418964073 0.9079999999999999 0.9995727454041818 0.022819297722799458
82800 931127367 4.034476288553974e-10 166.32829418964073 0.9079999999999999 0.9995727454041818 0.022819297722799458
86400 971611166 4.034476288553974e-10 166.32829418964073 0.9079999999999999 0.9995727454041818 0.022819297722799458
90000 1012094964 4.034476288553974e-10 166.32829418964073 0.9079999999999999 0.9995727454041818 0.022819297722799458
93600 1027939873 4.034476288553974e-10 166.32829418964073 0.9079999999999999 0.9995727454041818 0.022819297722799458
