3600 40483799 4.1584719837950035e-10 165.81974947094517 0.8899999999999999 0.9997883015741991 0.00774011587049897
7200 80967598 4.1584719837950035e-10 165.81974947094517 0.8899999999999999 0.9997883015741991 0.00774011587049897
10800 121451396 4.1584719837950035e-10 165.81974947094517 0.8899999999999999 0.9997883015741991 0.00774011587049897
14400 161935195 4.1584719837950035e-10 165.81974947094517 0.8899999999999999 0.9997883015741991 0.00774011587049897
18000 202418993 4.1584719837950035e-10 165.81974947094517 0.8899999999999999 0.9997883015741991 0.00774011587049897
21600 242902792 4.1584719837950035e-10 165.81974947094517 0.8899999999999999 0.9997883015741991 0.00774011587049897
25200 283386590 4.1584719837950035e-10 165.81974947094517 0.8899999999999999 0.9997883015741991 0.00774011587049897
28800 323870389 4.1584719837950035e-10 165.81974947094517 0.8899999999999999 0.9997883015741991 0.00774011587049897
32400 364354187 4.1584719837950035e-10 165.81974947094517 0.8899999999999999 0.9997883015741991 0.00774011587049897
36000 404837986 4.1584719837950035e-10 165.81974947094517 0.8899999999999999 0.9997883015741991 0.00774011587049897
39600 445321784 4.1584719837950035e-10 165.81974947094517 0.8899999999999999 0.9997883015741991 0.00774011587049897
43200 485805583 4.1584719837950035e-10 165.81974947094517 0.8899999999999999 0.9997883015741991 0.00774011587049897
46800 526289382 4.1584719837950035e-10 165.81974947094517 0.8899999999999999 0.9997883015741991 0.00774011587049897
50400 566773180 4.1584719837950035e-10 165.81974947094517 0.8899999999999999 0.9997883015741991 0.00774011587049897
54000 607256979 4.1584719837950035e-10 165.81974947094517 0.8899999999999999 0.9997883015741991 0.00774011587049897
57600 647740777 4.1584719837950035e-10 165.81974947094517 0.8899999999999999 0.9997883015741991 0.00774011587049897
61200 688224576 4.1584719837950035e-10 165.81974947094517 0.8899999999999999 0.9997883015741991 0.00774011587049897
64800 728708374 4.1584719837950035e-10 165.81974947094517 0.8899999999999999 0.9997883015741991 0.00774011587049897
68400 769192173 4.1584719837950035e-10 165.81974947094517 0.8899999999999999 0.9997883015741991 0.00774011587049897
72000 809675971 4.1584719837950035e-10 165.81974947094517 0.8899999999999999 0.9997883015741991 0.00774011587049897
75600 850159770 4.1584719837950035e-10 165.81974947094517 0.8899999999999999 0.9997883015741991 0.00774011587049897
79200 890643568 4.1584719837950035e-10 165.81974947094517 0.8899999999999999 0.9997883015741991 0.00774011587049897
82800 903395965 4.1584719837950035e-10 165.81974947094517 0.8899999999999999 0.9997883015741991 0.00774011587049897
