3600 40483799 4.1089235023661195e-10 165.84839193034608 0.8999999999999999 0.9994895127557581 0.021675908182329104
7200 80967598 4.1089235023661195e-10 165.84839193034608 0.8999999999999999 0.9994895127557581 0.021675908182329104
10800 121451396 4.1089235023661195e-10 165.84839193034608 0.8999999999999999 0.9994895127557581 0.021675908182329104
14400 161935195 4.1089235023661195e-10 165.84839193034608 0.8999999999999999 0.9994895127557581 0.021675908182329104
18000 202418993 4.1089235023661195e-10 165.84839193034608 0.8999999999999999 0.9994895127557581 0.021675908182329104
21600 242902792 4.1089235023661195e-10 165.84839193034608 0.8999999999999999 0.9994895127557581 0.021675908182329104
25200 283386590 4.1089235023661195e-10 165.84839193034608 0.8999999999999999 0.9994895127557581 0.021675908182329104
28800 323870389 4.1089235023661195e-10 165.84839193034608 0.8999999999999999 0.9994895127557581 0.021675908182329104
32400 364354187 4.1089235023661195e-10 165.84839193034608 0.8999999999999999 0.9994895127557581 0.021675908182329104
36000 404837986 4.1089235023661195e-10 165.84839193034608 0.8999999999999999 0.9994895127557581 0.021675908182329104
39600 445321784 4.1089235023661195e-10 165.84839193034608 0.8999999999999999 0.9994895127557581 0.021675908182329104
43200 485805583 4.1089235023661195e-10 165.84839193034608 0.8999999999999999 0.9994895127557581 0.021675908182329104
46800 526289382 4.1089235023661195e-10 165.84839193034608 0.8999999999999999 0.9994895127557581 0.021675908182329104
50400 566773180 4.1089235023661195e-10 165.84839193034608 0.8999999999999999 0.9994895127557581 0.021675908182329104
54000 607256979 4.1089235023661195e-10 165.84839193034608 0.8999999999999999 0.9994895127557581 0.021675908182329104
57600 647740777 4.1089235023661195e-10 165.84839193034608 0.8999999999999999 0.9994895127557581 0.021675908182329104
61200 688224576 4.1089235023661195e-10 165.84839193034608 0.8999999999999999 0.9994895127557581 0.021675908182329104
64800 728708374 4.1089235023661195e-10 165.84839193034608 0.8999999999999999 0.9994895127557581 0.021675908182329104
68400 769192173 4.1089235023661195e-10 165.84839193034608 0.8999999999999999 0.9994895127557581 0.021675908182329104
72000 809675971 4.1089235023661195e-10 165.84839193034608 0.8999999999999999 0.9994895127557581 0.021675908182329104
75600 850159770 4.1089235023661195e-10 165.84839193034608 0.8999999999999999 0.9994895127557581 0.021675908182329104
79200 890643568 4.1089235023661195e-10 165.84839193034608 0.8999999999999999 0.9994895127557581 0.021675908182329104
82800 931127367 4.1089235023661195e-10 165.84839193034608 0.8999999999999999 0.9994895127557581 0.021675908182329104
86400 971611166 4.1089235023661195e-10 165.84839193034608 0.8999999999999999 0.9994895127557581 0.021675908182329104
90000 1012094964 4.1089235023661195e-10 165.84839193034608 0.8999999999999999 0.9994895127557581 0.021675908182329104
93600 1021957267 4.1089235023661195e-10 165.84839193034608 0.8999999999999999 0.9994895127557581 0.021675908182329104
