3600 40483799 3.8436819140473455e-10 165.31685377134914 0.9059999999999999 0.9976728945636005 0.11131695042901849
7200 80967598 3.8436819140473455e-10 165.31685377134914 0.9059999999999999 0.9976728945636005 0.11131695042901849
10800 121451396 3.8436819140473455e-10 165.31685377134914 0.9059999999999999 0.9976728945636005 0.11131695042901849
14400 161935195 3.8436819140473455e-10 165.31685377134914 0.9059999999999999 0.9976728945636005 0.11131695042901849
18000 202418993 3.8436819140473455e-10 165.31685377134914 0.9059999999999999 0.9976728945636005 0.11131695042901849
21600 242902792 3.8436819140473455e-10 165.31685377134914 0.9059999999999999 0.9976728945636005 0.11131695042901849
25200 283386590 3.8436819140473455e-10 165.31685377134914 0.9059999999999999 0.9976728945636005 0.11131695042901849
28800 323870389 3.8436819140473455e-10 165.31685377134914 0.9059999999999999 0.9976728945636005 0.11131695042901849
32400 364354187 3.8436819140473455e-10 165.31685377134914 0.9059999999999999 0.9976728945636005 0.11131695042901849
36000 404837986 3.8436819140473455e-10 165.31685377134914 0.9059999999999999 0.9976728945636005 0.11131695042901849
39600 445321784 3.8436819140473455e-10 165.31685377134914 0.9059999999999999 0.9976728945636005 0.11131695042901849
43200 485805583 3.8436819140473455e-10 165.31685377134914 0.9059999999999999 0.9976728945636005 0.11131695042901849
46800 526289382 3.8436819140473455e-10 165.31685377134914 0.9059999999999999 0.9976728945636005 0.11131695042901849
50400 566773180 3.8436819140473455e-10 165.31685377134914 0.9059999999999999 0.9976728945636005 0.11131695042901849
54000 607256979 3.8436819140473455e-10 165.31685377134914 0.9059999999999999 0.9976728945636005 0.11131695042901849
57600 647740777 3.8436819140473455e-10 165.31685377134914 0.9059999999999999 0.9976728945636005 0.11131695042901849
61200 688224576 3.8436819140473455e-10 165.31685377134914 0.9059999999999999 0.9976728945636005 0.11131695042901849
64800 728708374 3.8436819140473455e-10 165.31685377134914 0.9059999999999999 0.9976728945636005 0.11131695042901849
68400 769192173 3.8436819140473455e-10 165.31685377134914 0.9059999999999999 0.9976728945636005 0.11131695042901849
72000 809675971 3.8436819140473455e-10 165.31685377134914 0.9059999999999999 0.9976728945636005 0.11131695042901849
75600 850159770 3.8436819140473455e-10 165.31685377134914 0.9059999999999999 0.9976728945636005 0.11131695042901849
79200 890643568 3.8436819140473455e-10 165.31685377134914 0.9059999999999999 0.9976728945636005 0.11131695042901849
82800 931127367 3.8436819140473455e-10 165.31685377134914 0.9059999999999999 0.9976728945636005 0.11131695042901849
86400 971611166 3.8436819140473455e-10 165.31685377134914 0.9059999999999999 0.9976728945636005 0.11131695042901849
90000 1012094964 3.8436819140473455e-10 165.31685377134914 0.9059999999999999 0.9976728945636005 0.11131695042901849
93600 1052578763 3.8436819140473455e-10 165.31685377134914 0.9059999999999999 0.9976728945636005 0.11131695042901849
97200 1076846551 3.8436819140473455e-10 165.31685377134914 0.9059999999999999 0.9976728945636005 0.11131695042901849
