3600 40483799 3.940382381104946e-10 166.41185779616018 0.9099999999999999 0.9993078615857441 0.03656092997969918
7200 80967598 3.940382381104946e-10 166.41185779616018 0.9099999999999999 0.9993078615857441 0.03656092997969918
10800 121451396 3.940382381104946e-10 166.41185779616018 0.9099999999999999 0.9993078615857441 0.03656092997969918
14400 161935195 3.940382381104946e-10 166.41185779616018 0.9099999999999999 0.9993078615857441 0.03656092997969918
18000 202418993 3.940382381104946e-10 166.41185779616018 0.9099999999999999 0.9993078615857441 0.03656092997969918
21600 242902792 3.940382381104946e-10 166.41185779616018 0.9099999999999999 0.9993078615857441 0.03656092997969918
25200 283386590 3.940382381104946e-10 166.41185779616018 0.9099999999999999 0.9993078615857441 0.03656092997969918
28800 323870389 3.940382381104946e-10 166.41185779616018 0.9099999999999999 0.9993078615857441 0.03656092997969918
32400 364354187 3.940382381104946e-10 166.41185779616018 0.9099999999999999 0.9993078615857441 0.03656092997969918
36000 404837986 3.940382381104946e-10 166.41185779616018 0.9099999999999999 0.9993078615857441 0.03656092997969918
39600 445321784 3.940382381104946e-10 166.41185779616018 0.9099999999999999 0.9993078615857441 0.03656092997969918
43200 485805583 3.940382381104946e-10 166.41185779616018 0.9099999999999999 0.9993078615857441 0.03656092997969918
46800 526289382 3.940382381104946e-10 166.41185779616018 0.9099999999999999 0.9993078615857441 0.03656092997969918
50400 566773180 3.940382381104946e-10 166.41185779616018 0.9099999999999999 0.9993078615857441 0.03656092997969918
54000 607256979 3.940382381104946e-10 166.41185779616018 0.9099999999999999 0.9993078615857441 0.03656092997969918
57600 647740777 3.940382381104946e-10 166.41185779616018 0.9099999999999999 0.9993078615857441 0.03656092997969918
61200 688224576 3.940382381104946e-10 166.41185779616018 0.9099999999999999 0.9993078615857441 0.03656092997969918
64800 728708374 3.940382381104946e-10 166.41185779616018 0.9099999999999999 0.9993078615857441 0.03656092997969918
68400 769192173 3.940382381104946e-10 166.41185779616018 0.9099999999999999 0.9993078615857441 0.03656092997969918
72000 809675971 3.940382381104946e-10 166.41185779616018 0.9099999999999999 0.9993078615857441 0.03656092997969918
75600 850159770 3.940382381104946e-10 166.41185779616018 0.9099999999999999 0.9993078615857441 0.03656092997969918
79200 890643568 3.940382381104946e-10 166.41185779616018 0.9099999999999999 0.9993078615857441 0.03656092997969918
82800 931127367 3.940382381104946e-10 166.41185779616018 0.9099999999999999 0.9993078615857441 0.03656092997969918
86400 971611166 3.940382381104946e-10 166.41185779616018 0.9099999999999999 0.9993078615857441 0.03656092997969918
90000 1012094964 3.940382381104946e-10 166.41185779616018 0.9099999999999999 0.9993078615857441 0.03656092997969918
93600 1027939873 3.940382381104946e-10 166.41185779616018 0.9099999999999999 0.9993078615857441 0.03656092997969918
