3600 40483799 5.622287356214778e-10 164.15551571935575 0.691 0.9994838573828632 0.06475191696927488
7200 80967598 5.622287356214778e-10 164.15551571935575 0.691 0.9994838573828632 0.06475191696927488
10800 121451396 5.622287356214778e-10 164.15551571935575 0.691 0.9994838573828632 0.06475191696927488
14400 161935195 5.622287356214778e-10 164.15551571935575 0.691 0.9994838573828632 0.06475191696927488
18000 202418993 5.622287356214778e-10 164.15551571935575 0.691 0.9994838573828632 0.06475191696927488
21600 242902792 5.622287356214778e-10 164.15551571935575 0.691 0.9994838573828632 0.06475191696927488
25200 283386590 5.622287356214778e-10 164.15551571935575 0.691 0.9994838573828632 0.06475191696927488
28800 323870389 5.622287356214778e-10 164.15551571935575 0.691 0.9994838573828632 0.06475191696927488
32400 364354187 5.622287356214778e-10 164.15551571935575 0.691 0.9994838573828632 0.06475191696927488
36000 404837986 5.622287356214778e-10 164.15551571935575 0.691 0.9994838573828632 0.06475191696927488
39600 445321784 5.622287356214778e-10 164.15551571935575 0.691 0.9994838573828632 0.06475191696927488
43200 485805583 5.622287356214778e-10 164.15551571935575 0.691 0.9994838573828632 0.06475191696927488
46800 526289382 5.622287356214778e-10 164.15551571935575 0.691 0.9994838573828632 0.06475191696927488
50400 566773180 5.622287356214778e-10 164.15551571935575 0.691 0.9994838573828632 0.06475191696927488
54000 607256979 5.622287356214778e-10 164.15551571935575 0.691 0.9994838573828632 0.06475191696927488
57600 647740777 5.622287356214778e-10 164.15551571935575 0.691 0.9994838573828632 0.06475191696927488
61200 688224576 5.622287356214778e-10 164.15551571935575 0.691 0.9994838573828632 0.06475191696927488
64800 728708374 5.622287356214778e-10 164.15551571935575 0.691 0.9994838573828632 0.06475191696927488
68400 769192173 5.622287356214778e-10 164.15551571935575 0.691 0.9994838573828632 0.06475191696927488
72000 809675971 5.622287356214778e-10 164.15551571935575 0.691 0.9994838573828632 0.06475191696927488
75600 850159770 5.622287356214778e-10 164.15551571935575 0.691 0.9994838573828632 0.06475191696927488
79200 890643568 5.622287356214778e-10 164.15551571935575 0.691 0.9994838573828632 0.06475191696927488
82800 931127367 5.622287356214778e-10 164.15551571935575 0.691 0.9994838573828632 0.06475191696927488
86400 971611166 5.622287356214778e-10 164.15551571935575 0.691 0.9994838573828632 0.06475191696927488
90000 1012094964 5.622287356214778e-10 164.15551571935575 0.691 0.9994838573828632 0.06475191696927488
93600 1052578763 5.622287356214778e-10 164.15551571935575 0.691 0.9994838573828632 0.06475191696927488
97200 1093062561 5.622287356214778e-10 164.15551571935575 0.691 0.9994838573828632 0.06475191696927488
100800 1133546360 5.622287356214778e-10 164.15551571935575 0.691 0.9994838573828632 0.06475191696927488
104400 1174030158 5.622287356214778e-10 164.15551571935575 0.691 0.9994838573828632 0.06475191696927488
108000 1214513957 5.622287356214778e-10 164.15551571935575 0.691 0.9994838573828632 0.06475191696927488
111600 1254997755 5.622287356214778e-10 164.15551571935575 0.691 0.9994838573828632 0.06475191696927488
115200 1295481554 5.622287356214778e-10 164.15551571935575 0.691 0.9994838573828632 0.06475191696927488
118800 1335965352 5.622287356214778e-10 164.15551571935575 0.691 0.9994838573828632 0.06475191696927488
122400 1376449151 5.622287356214778e-10 164.15551571935575 0.691 0.9994838573828632 0.06475191696927488
126000 1416932950 5.622287356214778e-10 164.15551571935575 0.691 0.9994838573828632 0.06475191696927488
129600 1457416748 5.622287356214778e-10 164.15551571935575 0.691 0.9994838573828632 0.06475191696927488
133200 1495179136 5.622287356214778e-10 164.15551571935575 0.691 0.9994838573828632 0.06475191696927488
