3600 40483799 3.9826534219080216e-10 166.24997700792142 0.9199999999999999 0.9990097680163743 0.034254170934916395
7200 80967598 3.9826534219080216e-10 166.24997700792142 0.9199999999999999 0.9990097680163743 0.034254170934916395
10800 121451396 3.9826534219080216e-10 166.24997700792142 0.9199999999999999 0.9990097680163743 0.034254170934916395
14400 161935195 3.9826534219080216e-10 166.24997700792142 0.9199999999999999 0.9990097680163743 0.034254170934916395
18000 202418993 3.9826534219080216e-10 166.24997700792142 0.9199999999999999 0.9990097680163743 0.034254170934916395
21600 242902792 3.9826534219080216e-10 166.24997700792142 0.9199999999999999 0.9990097680163743 0.034254170934916395
25200 283386590 3.9826534219080216e-10 166.24997700792142 0.9199999999999999 0.9990097680163743 0.034254170934916395
28800 323870389 3.9826534219080216e-10 166.24997700792142 0.9199999999999999 0.9990097680163743 0.034254170934916395
32400 364354187 3.9826534219080216e-10 166.24997700792142 0.9199999999999999 0.9990097680163743 0.034254170934916395
36000 404837986 3.9826534219080216e-10 166.24997700792142 0.9199999999999999 0.9990097680163743 0.034254170934916395
39600 445321784 3.9826534219080216e-10 166.24997700792142 0.9199999999999999 0.9990097680163743 0.034254170934916395
43200 485805583 3.9826534219080216e-10 166.24997700792142 0.9199999999999999 0.9990097680163743 0.034254170934916395
46800 526289382 3.9826534219080216e-10 166.24997700792142 0.9199999999999999 0.9990097680163743 0.034254170934916395
50400 566773180 3.9826534219080216e-10 166.24997700792142 0.9199999999999999 0.9990097680163743 0.034254170934916395
54000 607256979 3.9826534219080216e-10 166.24997700792142 0.9199999999999999 0.9990097680163743 0.034254170934916395
57600 647740777 3.9826534219080216e-10 166.24997700792142 0.9199999999999999 0.9990097680163743 0.034254170934916395
61200 688224576 3.9826534219080216e-10 166.24997700792142 0.9199999999999999 0.9990097680163743 0.034254170934916395
64800 728708374 3.9826534219080216e-10 166.24997700792142 0.9199999999999999 0.9990097680163743 0.034254170934916395
68400 769192173 3.9826534219080216e-10 166.24997700792142 0.9199999999999999 0.9990097680163743 0.034254170934916395
72000 809675971 3.9826534219080216e-10 166.24997700792142 0.9199999999999999 0.9990097680163743 0.034254170934916395
75600 850159770 3.9826534219080216e-10 166.24997700792142 0.9199999999999999 0.9990097680163743 0.034254170934916395
79200 890643568 3.9826534219080216e-10 166.24997700792142 0.9199999999999999 0.9990097680163743 0.034254170934916395
82800 904880371 3.9826534219080216e-10 166.24997700792142 0.9199999999999999 0.9990097680163743 0.034254170934916395
