3600 40483799 4.0547564751000953e-10 165.31875591627573 0.8859999999999999 0.998337748019866 0.06620936105259938
7200 80967598 4.0547564751000953e-10 165.31875591627573 0.8859999999999999 0.998337748019866 0.06620936105259938
10800 121451396 4.0547564751000953e-10 165.31875591627573 0.8859999999999999 0.998337748019866 0.06620936105259938
14400 161935195 4.0547564751000953e-10 165.31875591627573 0.8859999999999999 0.998337748019866 0.06620936105259938
18000 202418993 4.0547564751000953e-10 165.31875591627573 0.8859999999999999 0.998337748019866 0.06620936105259938
21600 242902792 4.0547564751000953e-10 165.31875591627573 0.8859999999999999 0.998337748019866 0.06620936105259938
25200 283386590 4.0547564751000953e-10 165.31875591627573 0.8859999999999999 0.998337748019866 0.06620936105259938
28800 323870389 4.0547564751000953e-10 165.31875591627573 0.8859999999999999 0.998337748019866 0.06620936105259938
32400 364354187 4.0547564751000953e-10 165.31875591627573 0.8859999999999999 0.998337748019866 0.06620936105259938
36000 404837986 4.0547564751000953e-10 165.31875591627573 0.8859999999999999 0.998337748019866 0.06620936105259938
39600 445321784 4.0547564751000953e-10 165.31875591627573 0.8859999999999999 0.998337748019866 0.06620936105259938
43200 485805583 4.0547564751000953e-10 165.31875591627573 0.8859999999999999 0.998337748019866 0.06620936105259938
46800 526289382 4.0547564751000953e-10 165.31875591627573 0.8859999999999999 0.998337748019866 0.06620936105259938
50400 566773180 4.0547564751000953e-10 165.31875591627573 0.8859999999999999 0.998337748019866 0.06620936105259938
54000 607256979 4.0547564751000953e-10 165.31875591627573 0.8859999999999999 0.998337748019866 0.06620936105259938
57600 647740777 4.0547564751000953e-10 165.31875591627573 0.8859999999999999 0.998337748019866 0.06620936105259938
61200 688224576 4.0547564751000953e-10 165.31875591627573 0.8859999999999999 0.998337748019866 0.06620936105259938
64800 728708374 4.0547564751000953e-10 165.31875591627573 0.8859999999999999 0.998337748019866 0.06620936105259938
68400 769192173 4.0547564751000953e-10 165.31875591627573 0.8859999999999999 0.998337748019866 0.06620936105259938
72000 809675971 4.0547564751000953e-10 165.31875591627573 0.8859999999999999 0.998337748019866 0.06620936105259938
75600 850159770 4.0547564751000953e-10 165.31875591627573 0.8859999999999999 0.998337748019866 0.06620936105259938
79200 890643568 4.0547564751000953e-10 165.31875591627573 0.8859999999999999 0.998337748019866 0.06620936105259938
82800 931127367 4.0547564751000953e-10 165.31875591627573 0.8859999999999999 0.998337748019866 0.06620936105259938
86400 971611166 4.0547564751000953e-10 165.31875591627573 0.8859999999999999 0.998337748019866 0.06620936105259938
90000 1012094964 4.0547564751000953e-10 165.31875591627573 0.8859999999999999 0.998337748019866 0.06620936105259938
93600 1031358505 4.0547564751000953e-10 165.31875591627573 0.8859999999999999 0.998337748019866 0.06620936105259938
