3600 40483799 3.966552328159248e-10 165.83898913078454 0.8899999999999999 0.9983169672160705 0.06792475184623635
7200 80967598 3.966552328159248e-10 165.83898913078454 0.8899999999999999 0.9983169672160705 0.06792475184623635
10800 121451396 3.966552328159248e-10 165.83898913078454 0.8899999999999999 0.9983169672160705 0.06792475184623635
14400 161935195 3.966552328159248e-10 165.83898913078454 0.8899999999999999 0.9983169672160705 0.06792475184623635
18000 202418993 3.966552328159248e-10 165.83898913078454 0.8899999999999999 0.9983169672160705 0.06792475184623635
21600 242902792 3.966552328159248e-10 165.83898913078454 0.8899999999999999 0.9983169672160705 0.06792475184623635
25200 283386590 3.966552328159248e-10 165.83898913078454 0.8899999999999999 0.9983169672160705 0.06792475184623635
28800 323870389 3.966552328159248e-10 165.83898913078454 0.8899999999999999 0.9983169672160705 0.06792475184623635
32400 364354187 3.966552328159248e-10 165.83898913078454 0.8899999999999999 0.9983169672160705 0.06792475184623635
36000 404837986 3.966552328159248e-10 165.83898913078454 0.8899999999999999 0.9983169672160705 0.06792475184623635
39600 445321784 3.966552328159248e-10 165.83898913078454 0.8899999999999999 0.9983169672160705 0.06792475184623635
43200 485805583 3.966552328159248e-10 165.83898913078454 0.8899999999999999 0.9983169672160705 0.06792475184623635
46800 526289382 3.966552328159248e-10 165.83898913078454 0.8899999999999999 0.9983169672160705 0.06792475184623635
50400 566773180 3.966552328159248e-10 165.83898913078454 0.8899999999999999 0.9983169672160705 0.06792475184623635
54000 607256979 3.966552328159248e-10 165.83898913078454 0.8899999999999999 0.9983169672160705 0.06792475184623635
57600 647740777 3.966552328159248e-10 165.83898913078454 0.8899999999999999 0.9983169672160705 0.06792475184623635
61200 688224576 3.966552328159248e-10 165.83898913078454 0.8899999999999999 0.9983169672160705 0.06792475184623635
64800 728708374 3.966552328159248e-10 165.83898913078454 0.8899999999999999 0.9983169672160705 0.06792475184623635
68400 769192173 3.966552328159248e-10 165.83898913078454 0.8899999999999999 0.9983169672160705 0.06792475184623635
72000 809675971 3.966552328159248e-10 165.83898913078454 0.8899999999999999 0.9983169672160705 0.06792475184623635
75600 850159770 3.966552328159248e-10 165.83898913078454 0.8899999999999999 0.9983169672160705 0.06792475184623635
79200 890643568 3.966552328159248e-10 165.83898913078454 0.8899999999999999 0.9983169672160705 0.06792475184623635
82800 931127367 3.966552328159248e-10 165.83898913078454 0.8899999999999999 0.9983169672160705 0.06792475184623635
86400 971611166 3.966552328159248e-10 165.83898913078454 0.8899999999999999 0.9983169672160705 0.06792475184623635
90000 1012094964 3.966552328159248e-10 165.83898913078454 0.8899999999999999 0.9983169672160705 0.06792475184623635
93600 1031358505 3.966552328159248e-10 165.83898913078454 0.8899999999999999 0.9983169672160705 0.06792475184623635
