3600 40483799 4.2484627932891965e-10 165.6661700405232 0.8869999999999999 0.9998800620065172 0.0039824991645832294
7200 80967598 4.2484627932891965e-10 165.6661700405232 0.8869999999999999 0.9998800620065172 0.0039824991645832294
10800 121451396 4.2484627932891965e-10 165.6661700405232 0.8869999999999999 0.9998800620065172 0.0039824991645832294
14400 161935195 4.2484627932891965e-10 165.6661700405232 0.8869999999999999 0.9998800620065172 0.0039824991645832294
18000 202418993 4.2484627932891965e-10 165.6661700405232 0.8869999999999999 0.9998800620065172 0.0039824991645832294
21600 242902792 4.2484627932891965e-10 165.6661700405232 0.8869999999999999 0.9998800620065172 0.0039824991645832294
25200 283386590 4.2484627932891965e-10 165.6661700405232 0.8869999999999999 0.9998800620065172 0.0039824991645832294
28800 323870389 4.2484627932891965e-10 165.6661700405232 0.8869999999999999 0.9998800620065172 0.0039824991645832294
32400 364354187 4.2484627932891965e-10 165.6661700405232 0.8869999999999999 0.9998800620065172 0.0039824991645832294
36000 404837986 4.2484627932891965e-10 165.6661700405232 0.8869999999999999 0.9998800620065172 0.0039824991645832294
39600 445321784 4.2484627932891965e-10 165.6661700405232 0.8869999999999999 0.9998800620065172 0.0039824991645832294
43200 485805583 4.2484627932891965e-10 165.6661700405232 0.8869999999999999 0.9998800620065172 0.0039824991645832294
46800 526289382 4.2484627932891965e-10 165.6661700405232 0.8869999999999999 0.9998800620065172 0.0039824991645832294
50400 566773180 4.2484627932891965e-10 165.6661700405232 0.8869999999999999 0.9998800620065172 0.0039824991645832294
54000 607256979 4.2484627932891965e-10 165.6661700405232 0.8869999999999999 0.9998800620065172 0.0039824991645832294
57600 647740777 4.2484627932891965e-10 165.6661700405232 0.8869999999999999 0.9998800620065172 0.0039824991645832294
61200 688224576 4.2484627932891965e-10 165.6661700405232 0.8869999999999999 0.9998800620065172 0.0039824991645832294
64800 728708374 4.2484627932891965e-10 165.6661700405232 0.8869999999999999 0.9998800620065172 0.0039824991645832294
68400 769192173 4.2484627932891965e-10 165.6661700405232 0.8869999999999999 0.9998800620065172 0.0039824991645832294
72000 809675971 4.2484627932891965e-10 165.6661700405232 0.8869999999999999 0.9998800620065172 0.0039824991645832294
75600 850159770 4.2484627932891965e-10 165.6661700405232 0.8869999999999999 0.9998800620065172 0.0039824991645832294
79200 890643568 4.2484627932891965e-10 165.6661700405232 0.8869999999999999 0.9998800620065172 0.0039824991645832294
82800 903395965 4.2484627932891965e-10 165.6661700405232 0.8869999999999999 0.9998800620065172 0.0039824991645832294
