3600 40483799 3.9774109158472483e-10 166.15583418248897 0.8999999999999999 0.99972330685758 0.006125233792916166
7200 80967598 3.9774109158472483e-10 166.15583418248897 0.8999999999999999 0.99972330685758 0.006125233792916166
10800 121451396 3.9774109158472483e-10 166.15583418248897 0.8999999999999999 0.99972330685758 0.006125233792916166
14400 161935195 3.9774109158472483e-10 166.15583418248897 0.8999999999999999 0.99972330685758 0.006125233792916166
18000 202418993 3.9774109158472483e-10 166.15583418248897 0.8999999999999999 0.99972330685758 0.006125233792916166
21600 242902792 3.9774109158472483e-10 166.15583418248897 0.8999999999999999 0.99972330685758 0.006125233792916166
25200 283386590 3.9774109158472483e-10 166.15583418248897 0.8999999999999999 0.99972330685758 0.006125233792916166
28800 323870389 3.9774109158472483e-10 166.15583418248897 0.8999999999999999 0.99972330685758 0.006125233792916166
32400 364354187 3.9774109158472483e-10 166.15583418248897 0.8999999999999999 0.99972330685758 0.006125233792916166
36000 404837986 3.9774109158472483e-10 166.15583418248897 0.8999999999999999 0.99972330685758 0.006125233792916166
39600 445321784 3.9774109158472483e-10 166.15583418248897 0.8999999999999999 0.99972330685758 0.006125233792916166
43200 485805583 3.9774109158472483e-10 166.15583418248897 0.8999999999999999 0.99972330685758 0.006125233792916166
46800 526289382 3.9774109158472483e-10 166.15583418248897 0.8999999999999999 0.99972330685758 0.006125233792916166
50400 566773180 3.9774109158472483e-10 166.15583418248897 0.8999999999999999 0.99972330685758 0.006125233792916166
54000 607256979 3.9774109158472483e-10 166.15583418248897 0.8999999999999999 0.99972330685758 0.006125233792916166
57600 647740777 3.9774109158472483e-10 166.15583418248897 0.8999999999999999 0.99972330685758 0.006125233792916166
61200 688224576 3.9774109158472483e-10 166.15583418248897 0.8999999999999999 0.99972330685758 0.006125233792916166
64800 728708374 3.9774109158472483e-10 166.15583418248897 0.8999999999999999 0.99972330685758 0.006125233792916166
68400 741089669 3.9774109158472483e-10 166.15583418248897 0.8999999999999999 0.99972330685758 0.006125233792916166
