3600 40483799 3.6688505781712323e-10 166.74012145195195 0.9099999999999999 0.998093116436381 0.05863492993251346
7200 80967598 3.6688505781712323e-10 166.74012145195195 0.9099999999999999 0.998093116436381 0.05863492993251346
10800 121451396 3.6688505781712323e-10 166.74012145195195 0.9099999999999999 0.998093116436381 0.05863492993251346
14400 161935195 3.6688505781712323e-10 166.74012145195195 0.9099999999999999 0.998093116436381 0.05863492993251346
18000 202418993 3.6688505781712323e-10 166.74012145195195 0.9099999999999999 0.998093116436381 0.05863492993251346
21600 242902792 3.6688505781712323e-10 166.74012145195195 0.9099999999999999 0.998093116436381 0.05863492993251346
25200 283386590 3.6688505781712323e-10 166.74012145195195 0.9099999999999999 0.998093116436381 0.05863492993251346
28800 323870389 3.6688505781712323e-10 166.74012145195195 0.9099999999999999 0.998093116436381 0.05863492993251346
32400 364354187 3.6688505781712323e-10 166.74012145195195 0.9099999999999999 0.998093116436381 0.05863492993251346
36000 404837986 3.6688505781712323e-10 166.74012145195195 0.9099999999999999 0.998093116436381 0.05863492993251346
39600 445321784 3.6688505781712323e-10 166.74012145195195 0.9099999999999999 0.998093116436381 0.05863492993251346
43200 485805583 3.6688505781712323e-10 166.74012145195195 0.9099999999999999 0.998093116436381 0.05863492993251346
46800 526289382 3.6688505781712323e-10 166.74012145195195 0.9099999999999999 0.998093116436381 0.05863492993251346
50400 566773180 3.6688505781712323e-10 166.74012145195195 0.9099999999999999 0.998093116436381 0.05863492993251346
54000 607256979 3.6688505781712323e-10 166.74012145195195 0.9099999999999999 0.998093116436381 0.05863492993251346
57600 647740777 3.6688505781712323e-10 166.74012145195195 0.9099999999999999 0.998093116436381 0.05863492993251346
61200 688224576 3.6688505781712323e-10 166.74012145195195 0.9099999999999999 0.998093116436381 0.05863492993251346
64800 728708374 3.6688505781712323e-10 166.74012145195195 0.9099999999999999 0.998093116436381 0.05863492993251346
68400 769192173 3.6688505781712323e-10 166.74012145195195 0.9099999999999999 0.998093116436381 0.05863492993251346
72000 809675971 3.6688505781712323e-10 166.74012145195195 0.9099999999999999 0.998093116436381 0.05863492993251346
75600 850159770 3.6688505781712323e-10 166.74012145195195 0.9099999999999999 0.998093116436381 0.05863492993251346
79200 890643568 3.6688505781712323e-10 166.74012145195195 0.9099999999999999 0.998093116436381 0.05863492993251346
82800 922861925 3.6688505781712323e-10 166.74012145195195 0.9099999999999999 0.998093116436381 0.05863492993251346
