3600 40483799 4.0638162972275384e-10 165.95434349131537 0.8999999999999999 0.9997153810825715 0.011754245164540909
7200 80967598 4.0638162972275384e-10 165.95434349131537 0.8999999999999999 0.9997153810825715 0.011754245164540909
10800 121451396 4.0638162972275384e-10 165.95434349131537 0.8999999999999999 0.9997153810825715 0.011754245164540909
14400 161935195 4.0638162972275384e-10 165.95434349131537 0.8999999999999999 0.9997153810825715 0.011754245164540909
18000 202418993 4.0638162972275384e-10 165.95434349131537 0.8999999999999999 0.9997153810825715 0.011754245164540909
21600 242902792 4.0638162972275384e-10 165.95434349131537 0.8999999999999999 0.9997153810825715 0.011754245164540909
25200 283386590 4.0638162972275384e-10 165.95434349131537 0.8999999999999999 0.9997153810825715 0.011754245164540909
28800 323870389 4.0638162972275384e-10 165.95434349131537 0.8999999999999999 0.9997153810825715 0.011754245164540909
32400 364354187 4.0638162972275384e-10 165.95434349131537 0.8999999999999999 0.9997153810825715 0.011754245164540909
36000 404837986 4.0638162972275384e-10 165.95434349131537 0.8999999999999999 0.9997153810825715 0.011754245164540909
39600 445321784 4.0638162972275384e-10 165.95434349131537 0.8999999999999999 0.9997153810825715 0.011754245164540909
43200 485805583 4.0638162972275384e-10 165.95434349131537 0.8999999999999999 0.9997153810825715 0.011754245164540909
46800 526289382 4.0638162972275384e-10 165.95434349131537 0.8999999999999999 0.9997153810825715 0.011754245164540909
50400 566773180 4.0638162972275384e-10 165.95434349131537 0.8999999999999999 0.9997153810825715 0.011754245164540909
54000 607256979 4.0638162972275384e-10 165.95434349131537 0.8999999999999999 0.9997153810825715 0.011754245164540909
57600 647740777 4.0638162972275384e-10 165.95434349131537 0.8999999999999999 0.9997153810825715 0.011754245164540909
61200 688224576 4.0638162972275384e-10 165.95434349131537 0.8999999999999999 0.9997153810825715 0.011754245164540909
64800 728708374 4.0638162972275384e-10 165.95434349131537 0.8999999999999999 0.9997153810825715 0.011754245164540909
68400 769192173 4.0638162972275384e-10 165.95434349131537 0.8999999999999999 0.9997153810825715 0.011754245164540909
72000 809675971 4.0638162972275384e-10 165.95434349131537 0.8999999999999999 0.9997153810825715 0.011754245164540909
75600 850159770 4.0638162972275384e-10 165.95434349131537 0.8999999999999999 0.9997153810825715 0.011754245164540909
79200 890643568 4.0638162972275384e-10 165.95434349131537 0.8999999999999999 0.9997153810825715 0.011754245164540909
82800 931127367 4.0638162972275384e-10 165.95434349131537 0.8999999999999999 0.9997153810825715 0.011754245164540909
86400 958825033 4.0638162972275384e-10 165.95434349131537 0.8999999999999999 0.9997153810825715 0.011754245164540909
