3600 40483799 3.9652347839645246e-10 166.55509046840618 0.9099999999999999 0.9992160928479297 0.03820365260206385
7200 80967598 3.9652347839645246e-10 166.55509046840618 0.9099999999999999 0.9992160928479297 0.03820365260206385
10800 121451396 3.9652347839645246e-10 166.55509046840618 0.9099999999999999 0.9992160928479297 0.03820365260206385
14400 161935195 3.9652347839645246e-10 166.55509046840618 0.9099999999999999 0.9992160928479297 0.03820365260206385
18000 202418993 3.9652347839645246e-10 166.55509046840618 0.9099999999999999 0.9992160928479297 0.03820365260206385
21600 242902792 3.9652347839645246e-10 166.55509046840618 0.9099999999999999 0.9992160928479297 0.03820365260206385
25200 283386590 3.9652347839645246e-10 166.55509046840618 0.9099999999999999 0.9992160928479297 0.03820365260206385
28800 323870389 3.9652347839645246e-10 166.55509046840618 0.9099999999999999 0.9992160928479297 0.03820365260206385
32400 364354187 3.9652347839645246e-10 166.55509046840618 0.9099999999999999 0.9992160928479297 0.03820365260206385
36000 404837986 3.9652347839645246e-10 166.55509046840618 0.9099999999999999 0.9992160928479297 0.03820365260206385
39600 445321784 3.9652347839645246e-10 166.55509046840618 0.9099999999999999 0.9992160928479297 0.03820365260206385
43200 485805583 3.9652347839645246e-10 166.55509046840618 0.9099999999999999 0.9992160928479297 0.03820365260206385
46800 526289382 3.9652347839645246e-10 166.55509046840618 0.9099999999999999 0.9992160928479297 0.03820365260206385
50400 566773180 3.9652347839645246e-10 166.55509046840618 0.9099999999999999 0.9992160928479297 0.03820365260206385
54000 607256979 3.9652347839645246e-10 166.55509046840618 0.9099999999999999 0.9992160928479297 0.03820365260206385
57600 647740777 3.9652347839645246e-10 166.55509046840618 0.9099999999999999 0.9992160928479297 0.03820365260206385
61200 688224576 3.9652347839645246e-10 166.55509046840618 0.9099999999999999 0.9992160928479297 0.03820365260206385
64800 728708374 3.9652347839645246e-10 166.55509046840618 0.9099999999999999 0.9992160928479297 0.03820365260206385
68400 769192173 3.9652347839645246e-10 166.55509046840618 0.9099999999999999 0.9992160928479297 0.03820365260206385
72000 809675971 3.9652347839645246e-10 166.55509046840618 0.9099999999999999 0.9992160928479297 0.03820365260206385
75600 850159770 3.9652347839645246e-10 166.55509046840618 0.9099999999999999 0.9992160928479297 0.03820365260206385
79200 890643568 3.9652347839645246e-10 166.55509046840618 0.9099999999999999 0.9992160928479297 0.03820365260206385
82800 931127367 3.9652347839645246e-10 166.55509046840618 0.9099999999999999 0.9992160928479297 0.03820365260206385
86400 971611166 3.9652347839645246e-10 166.55509046840618 0.9099999999999999 0.9992160928479297 0.03820365260206385
90000 1012094964 3.9652347839645246e-10 166.55509046840618 0.9099999999999999 0.9992160928479297 0.03820365260206385
93600 1030526338 3.9652347839645246e-10 166.55509046840618 0.9099999999999999 0.9992160928479297 0.03820365260206385
