3600 40483799 4.0753055816177116e-10 165.9080938344918 0.9009999999999999 0.9994908513395839 0.021056349174001517
7200 80967598 4.0753055816177116e-10 165.9080938344918 0.9009999999999999 0.9994908513395839 0.021056349174001517
10800 121451396 4.0753055816177116e-10 165.9080938344918 0.9009999999999999 0.9994908513395839 0.021056349174001517
14400 161935195 4.0753055816177116e-10 165.9080938344918 0.9009999999999999 0.9994908513395839 0.021056349174001517
18000 202418993 4.0753055816177116e-10 165.9080938344918 0.9009999999999999 0.9994908513395839 0.021056349174001517
21600 242902792 4.0753055816177116e-10 165.9080938344918 0.9009999999999999 0.9994908513395839 0.021056349174001517
25200 283386590 4.0753055816177116e-10 165.9080938344918 0.9009999999999999 0.9994908513395839 0.021056349174001517
28800 323870389 4.0753055816177116e-10 165.9080938344918 0.9009999999999999 0.9994908513395839 0.021056349174001517
32400 364354187 4.0753055816177116e-10 165.9080938344918 0.9009999999999999 0.9994908513395839 0.021056349174001517
36000 404837986 4.0753055816177116e-10 165.9080938344918 0.9009999999999999 0.9994908513395839 0.021056349174001517
39600 445321784 4.0753055816177116e-10 165.9080938344918 0.9009999999999999 0.9994908513395839 0.021056349174001517
43200 485805583 4.0753055816177116e-10 165.9080938344918 0.9009999999999999 0.9994908513395839 0.021056349174001517
46800 526289382 4.0753055816177116e-10 165.9080938344918 0.9009999999999999 0.9994908513395839 0.021056349174001517
50400 566773180 4.0753055816177116e-10 165.9080938344918 0.9009999999999999 0.9994908513395839 0.021056349174001517
54000 607256979 4.0753055816177116e-10 165.9080938344918 0.9009999999999999 0.9994908513395839 0.021056349174001517
57600 647740777 4.0753055816177116e-10 165.9080938344918 0.9009999999999999 0.9994908513395839 0.021056349174001517
61200 688224576 4.0753055816177116e-10 165.9080938344918 0.9009999999999999 0.9994908513395839 0.021056349174001517
64800 728708374 4.0753055816177116e-10 165.9080938344918 0.9009999999999999 0.9994908513395839 0.021056349174001517
68400 769192173 4.0753055816177116e-10 165.9080938344918 0.9009999999999999 0.9994908513395839 0.021056349174001517
72000 809675971 4.0753055816177116e-10 165.9080938344918 0.9009999999999999 0.9994908513395839 0.021056349174001517
75600 850159770 4.0753055816177116e-10 165.9080938344918 0.9009999999999999 0.9994908513395839 0.021056349174001517
79200 890643568 4.0753055816177116e-10 165.9080938344918 0.9009999999999999 0.9994908513395839 0.021056349174001517
82800 931127367 4.0753055816177116e-10 165.9080938344918 0.9009999999999999 0.9994908513395839 0.021056349174001517
86400 971611166 4.0753055816177116e-10 165.9080938344918 0.9009999999999999 0.9994908513395839 0.021056349174001517
90000 1012094964 4.0753055816177116e-10 165.9080938344918 0.9009999999999999 0.9994908513395839 0.021056349174001517
93600 1021957267 4.0753055816177116e-10 165.9080938344918 0.9009999999999999 0.9994908513395839 0.021056349174001517
