3600 40483799 4.0338925512879867e-10 166.30377698429223 0.9119999999999999 0.9995827399412383 0.013080024776018566
7200 80967598 4.0338925512879867e-10 166.30377698429223 0.9119999999999999 0.9995827399412383 0.013080024776018566
10800 121451396 4.0338925512879867e-10 166.30377698429223 0.9119999999999999 0.9995827399412383 0.013080024776018566
14400 161935195 4.0338925512879867e-10 166.30377698429223 0.9119999999999999 0.9995827399412383 0.013080024776018566
18000 202418993 4.0338925512879867e-10 166.30377698429223 0.9119999999999999 0.9995827399412383 0.013080024776018566
21600 242902792 4.0338925512879867e-10 166.30377698429223 0.9119999999999999 0.9995827399412383 0.013080024776018566
25200 283386590 4.0338925512879867e-10 166.30377698429223 0.9119999999999999 0.9995827399412383 0.013080024776018566
28800 323870389 4.0338925512879867e-10 166.30377698429223 0.9119999999999999 0.9995827399412383 0.013080024776018566
32400 364354187 4.0338925512879867e-10 166.30377698429223 0.9119999999999999 0.9995827399412383 0.013080024776018566
36000 404837986 4.0338925512879867e-10 166.30377698429223 0.9119999999999999 0.9995827399412383 0.013080024776018566
39600 445321784 4.0338925512879867e-10 166.30377698429223 0.9119999999999999 0.9995827399412383 0.013080024776018566
43200 485805583 4.0338925512879867e-10 166.30377698429223 0.9119999999999999 0.9995827399412383 0.013080024776018566
46800 526289382 4.0338925512879867e-10 166.30377698429223 0.9119999999999999 0.9995827399412383 0.013080024776018566
50400 566773180 4.0338925512879867e-10 166.30377698429223 0.9119999999999999 0.9995827399412383 0.013080024776018566
54000 607256979 4.0338925512879867e-10 166.30377698429223 0.9119999999999999 0.9995827399412383 0.013080024776018566
57600 647740777 4.0338925512879867e-10 166.30377698429223 0.9119999999999999 0.9995827399412383 0.013080024776018566
61200 688224576 4.0338925512879867e-10 166.30377698429223 0.9119999999999999 0.9995827399412383 0.013080024776018566
64800 728708374 4.0338925512879867e-10 166.30377698429223 0.9119999999999999 0.9995827399412383 0.013080024776018566
68400 769192173 4.0338925512879867e-10 166.30377698429223 0.9119999999999999 0.9995827399412383 0.013080024776018566
72000 809675971 4.0338925512879867e-10 166.30377698429223 0.9119999999999999 0.9995827399412383 0.013080024776018566
75600 850159770 4.0338925512879867e-10 166.30377698429223 0.9119999999999999 0.9995827399412383 0.013080024776018566
79200 890643568 4.0338925512879867e-10 166.30377698429223 0.9119999999999999 0.9995827399412383 0.013080024776018566
82800 931127367 4.0338925512879867e-10 166.30377698429223 0.9119999999999999 0.9995827399412383 0.013080024776018566
86400 937222428 4.0338925512879867e-10 166.30377698429223 0.9119999999999999 0.9995827399412383 0.013080024776018566
