3600 40483799 4.2078256789724685e-10 165.90804603642923 0.9209999999999999 0.9990555564109618 0.027267508628468034
7200 80967598 4.2078256789724685e-10 165.90804603642923 0.9209999999999999 0.9990555564109618 0.027267508628468034
10800 121451396 4.2078256789724685e-10 165.90804603642923 0.9209999999999999 0.9990555564109618 0.027267508628468034
14400 161935195 4.2078256789724685e-10 165.90804603642923 0.9209999999999999 0.9990555564109618 0.027267508628468034
18000 202418993 4.2078256789724685e-10 165.90804603642923 0.9209999999999999 0.9990555564109618 0.027267508628468034
21600 242902792 4.2078256789724685e-10 165.90804603642923 0.9209999999999999 0.9990555564109618 0.027267508628468034
25200 283386590 4.2078256789724685e-10 165.90804603642923 0.9209999999999999 0.9990555564109618 0.027267508628468034
28800 323870389 4.2078256789724685e-10 165.90804603642923 0.9209999999999999 0.9990555564109618 0.027267508628468034
32400 364354187 4.2078256789724685e-10 165.90804603642923 0.9209999999999999 0.9990555564109618 0.027267508628468034
36000 404837986 4.2078256789724685e-10 165.90804603642923 0.9209999999999999 0.9990555564109618 0.027267508628468034
39600 445321784 4.2078256789724685e-10 165.90804603642923 0.9209999999999999 0.9990555564109618 0.027267508628468034
43200 485805583 4.2078256789724685e-10 165.90804603642923 0.9209999999999999 0.9990555564109618 0.027267508628468034
46800 526289382 4.2078256789724685e-10 165.90804603642923 0.9209999999999999 0.9990555564109618 0.027267508628468034
50400 566773180 4.2078256789724685e-10 165.90804603642923 0.9209999999999999 0.9990555564109618 0.027267508628468034
54000 607256979 4.2078256789724685e-10 165.90804603642923 0.9209999999999999 0.9990555564109618 0.027267508628468034
57600 647740777 4.2078256789724685e-10 165.90804603642923 0.9209999999999999 0.9990555564109618 0.027267508628468034
61200 688224576 4.2078256789724685e-10 165.90804603642923 0.9209999999999999 0.9990555564109618 0.027267508628468034
64800 728708374 4.2078256789724685e-10 165.90804603642923 0.9209999999999999 0.9990555564109618 0.027267508628468034
68400 769192173 4.2078256789724685e-10 165.90804603642923 0.9209999999999999 0.9990555564109618 0.027267508628468034
72000 809675971 4.2078256789724685e-10 165.90804603642923 0.9209999999999999 0.9990555564109618 0.027267508628468034
75600 850159770 4.2078256789724685e-10 165.90804603642923 0.9209999999999999 0.9990555564109618 0.027267508628468034
79200 859988337 4.2078256789724685e-10 165.90804603642923 0.9209999999999999 0.9990555564109618 0.027267508628468034
