3600 40483799 7.288266932233354e-10 166.55579716674737 0.71 0.9953287469096841 0.4107283061068619
7200 80967598 7.288266932233354e-10 166.55579716674737 0.71 0.9953287469096841 0.4107283061068619
10800 121451396 7.288266932233354e-10 166.55579716674737 0.71 0.9953287469096841 0.4107283061068619
14400 161935195 7.288266932233354e-10 166.55579716674737 0.71 0.9953287469096841 0.4107283061068619
18000 202418993 7.288266932233354e-10 166.55579716674737 0.71 0.9953287469096841 0.4107283061068619
21600 242902792 7.288266932233354e-10 166.55579716674737 0.71 0.9953287469096841 0.4107283061068619
25200 283386590 7.288266932233354e-10 166.55579716674737 0.71 0.9953287469096841 0.4107283061068619
28800 323870389 7.288266932233354e-10 166.55579716674737 0.71 0.9953287469096841 0.4107283061068619
32400 364354187 7.288266932233354e-10 166.55579716674737 0.71 0.9953287469096841 0.4107283061068619
36000 404837986 7.288266932233354e-10 166.55579716674737 0.71 0.9953287469096841 0.4107283061068619
39600 445321784 7.288266932233354e-10 166.55579716674737 0.71 0.9953287469096841 0.4107283061068619
43200 485805583 7.288266932233354e-10 166.55579716674737 0.71 0.9953287469096841 0.4107283061068619
46800 526289382 7.288266932233354e-10 166.55579716674737 0.71 0.9953287469096841 0.4107283061068619
50400 566773180 7.288266932233354e-10 166.55579716674737 0.71 0.9953287469096841 0.4107283061068619
54000 607256979 7.288266932233354e-10 166.55579716674737 0.71 0.9953287469096841 0.4107283061068619
57600 647740777 7.288266932233354e-10 166.55579716674737 0.71 0.9953287469096841 0.4107283061068619
61200 688224576 7.288266932233354e-10 166.55579716674737 0.71 0.9953287469096841 0.4107283061068619
64800 728708374 7.288266932233354e-10 166.55579716674737 0.71 0.9953287469096841 0.4107283061068619
68400 769192173 7.288266932233354e-10 166.55579716674737 0.71 0.9953287469096841 0.4107283061068619
72000 809675971 7.288266932233354e-10 166.55579716674737 0.71 0.9953287469096841 0.4107283061068619
75600 850159770 7.288266932233354e-10 166.55579716674737 0.71 0.9953287469096841 0.4107283061068619
79200 890643568 7.288266932233354e-10 166.55579716674737 0.71 0.9953287469096841 0.4107283061068619
82800 931127367 7.288266932233354e-10 166.55579716674737 0.71 0.9953287469096841 0.4107283061068619
86400 971611166 7.288266932233354e-10 166.55579716674737 0.71 0.9953287469096841 0.4107283061068619
90000 1012094964 7.288266932233354e-10 166.55579716674737 0.71 0.9953287469096841 0.4107283061068619
93600 1052578763 7.288266932233354e-10 166.55579716674737 0.71 0.9953287469096841 0.4107283061068619
97200 1093062561 7.288266932233354e-10 166.55579716674737 0.71 0.9953287469096841 0.4107283061068619
100800 1133546360 7.288266932233354e-10 166.55579716674737 0.71 0.9953287469096841 0.4107283061068619
104400 1174030158 7.288266932233354e-10 166.55579716674737 0.71 0.9953287469096841 0.4107283061068619
108000 1214513957 7.288266932233354e-10 166.55579716674737 0.71 0.9953287469096841 0.4107283061068619
111600 1229358016 7.288266932233354e-10 166.55579716674737 0.71 0.9953287469096841 0.4107283061068619
