3600 40483799 7.288266535921524e-10 166.41760343957858 0.709 0.995328744972182 0.41072825689176945
7200 80967598 7.288266535921524e-10 166.41760343957858 0.709 0.995328744972182 0.41072825689176945
10800 121451396 7.288266535921524e-10 166.41760343957858 0.709 0.995328744972182 0.41072825689176945
14400 161935195 7.288266535921524e-10 166.41760343957858 0.709 0.995328744972182 0.41072825689176945
18000 202418993 7.288266535921524e-10 166.41760343957858 0.709 0.995328744972182 0.41072825689176945
21600 242902792 7.288266535921524e-10 166.41760343957858 0.709 0.995328744972182 0.41072825689176945
25200 283386590 7.288266535921524e-10 166.41760343957858 0.709 0.995328744972182 0.41072825689176945
28800 323870389 7.288266535921524e-10 166.41760343957858 0.709 0.995328744972182 0.41072825689176945
32400 364354187 7.288266535921524e-10 166.41760343957858 0.709 0.995328744972182 0.41072825689176945
36000 404837986 7.288266535921524e-10 166.41760343957858 0.709 0.995328744972182 0.41072825689176945
39600 445321784 7.288266535921524e-10 166.41760343957858 0.709 0.995328744972182 0.41072825689176945
43200 485805583 7.288266535921524e-10 166.41760343957858 0.709 0.995328744972182 0.41072825689176945
46800 526289382 7.288266535921524e-10 166.41760343957858 0.709 0.995328744972182 0.41072825689176945
50400 566773180 7.288266535921524e-10 166.41760343957858 0.709 0.995328744972182 0.41072825689176945
54000 607256979 7.288266535921524e-10 166.41760343957858 0.709 0.995328744972182 0.41072825689176945
57600 647740777 7.288266535921524e-10 166.41760343957858 0.709 0.995328744972182 0.41072825689176945
61200 688224576 7.288266535921524e-10 166.41760343957858 0.709 0.995328744972182 0.41072825689176945
64800 728708374 7.288266535921524e-10 166.41760343957858 0.709 0.995328744972182 0.41072825689176945
68400 769192173 7.288266535921524e-10 166.41760343957858 0.709 0.995328744972182 0.41072825689176945
72000 809675971 7.288266535921524e-10 166.41760343957858 0.709 0.995328744972182 0.41072825689176945
75600 850159770 7.288266535921524e-10 166.41760343957858 0.709 0.995328744972182 0.41072825689176945
79200 890643568 7.288266535921524e-10 166.41760343957858 0.709 0.995328744972182 0.41072825689176945
82800 931127367 7.288266535921524e-10 166.41760343957858 0.709 0.995328744972182 0.41072825689176945
86400 971611166 7.288266535921524e-10 166.41760343957858 0.709 0.995328744972182 0.41072825689176945
90000 1012094964 7.288266535921524e-10 166.41760343957858 0.709 0.995328744972182 0.41072825689176945
93600 1052578763 7.288266535921524e-10 166.41760343957858 0.709 0.995328744972182 0.41072825689176945
97200 1093062561 7.288266535921524e-10 166.41760343957858 0.709 0.995328744972182 0.41072825689176945
100800 1133546360 7.288266535921524e-10 166.41760343957858 0.709 0.995328744972182 0.41072825689176945
104400 1174030158 7.288266535921524e-10 166.41760343957858 0.709 0.995328744972182 0.41072825689176945
108000 1214513957 7.288266535921524e-10 166.41760343957858 0.709 0.995328744972182 0.41072825689176945
111600 1229358016 7.288266535921524e-10 166.41760343957858 0.709 0.995328744972182 0.41072825689176945
