3600 40483799 4.308304906263005e-10 166.08066145541912 0.9299999999999999 0.9980431795746956 0.038714160758037165
7200 80967598 4.308304906263005e-10 166.08066145541912 0.9299999999999999 0.9980431795746956 0.038714160758037165
10800 121451396 4.308304906263005e-10 166.08066145541912 0.9299999999999999 0.9980431795746956 0.038714160758037165
14400 161935195 4.308304906263005e-10 166.08066145541912 0.9299999999999999 0.9980431795746956 0.038714160758037165
18000 202418993 4.308304906263005e-10 166.08066145541912 0.9299999999999999 0.9980431795746956 0.038714160758037165
21600 242902792 4.308304906263005e-10 166.08066145541912 0.9299999999999999 0.9980431795746956 0.038714160758037165
25200 283386590 4.308304906263005e-10 166.08066145541912 0.9299999999999999 0.9980431795746956 0.038714160758037165
28800 323870389 4.308304906263005e-10 166.08066145541912 0.9299999999999999 0.9980431795746956 0.038714160758037165
32400 364354187 4.308304906263005e-10 166.08066145541912 0.9299999999999999 0.9980431795746956 0.038714160758037165
36000 404837986 4.308304906263005e-10 166.08066145541912 0.9299999999999999 0.9980431795746956 0.038714160758037165
39600 445321784 4.308304906263005e-10 166.08066145541912 0.9299999999999999 0.9980431795746956 0.038714160758037165
43200 485805583 4.308304906263005e-10 166.08066145541912 0.9299999999999999 0.9980431795746956 0.038714160758037165
46800 526289382 4.308304906263005e-10 166.08066145541912 0.9299999999999999 0.9980431795746956 0.038714160758037165
50400 566773180 4.308304906263005e-10 166.08066145541912 0.9299999999999999 0.9980431795746956 0.038714160758037165
54000 607256979 4.308304906263005e-10 166.08066145541912 0.9299999999999999 0.9980431795746956 0.038714160758037165
57600 647740777 4.308304906263005e-10 166.08066145541912 0.9299999999999999 0.9980431795746956 0.038714160758037165
61200 680161553 4.308304906263005e-10 166.08066145541912 0.9299999999999999 0.9980431795746956 0.038714160758037165
