3600 40483799 4.20122067741374e-10 165.8529732525412 0.9199999999999999 0.9988302964620521 0.03333915315913087
7200 80967598 4.20122067741374e-10 165.8529732525412 0.9199999999999999 0.9988302964620521 0.03333915315913087
10800 121451396 4.20122067741374e-10 165.8529732525412 0.9199999999999999 0.9988302964620521 0.03333915315913087
14400 161935195 4.20122067741374e-10 165.8529732525412 0.9199999999999999 0.9988302964620521 0.03333915315913087
18000 202418993 4.20122067741374e-10 165.8529732525412 0.9199999999999999 0.9988302964620521 0.03333915315913087
21600 242902792 4.20122067741374e-10 165.8529732525412 0.9199999999999999 0.9988302964620521 0.03333915315913087
25200 283386590 4.20122067741374e-10 165.8529732525412 0.9199999999999999 0.9988302964620521 0.03333915315913087
28800 323870389 4.20122067741374e-10 165.8529732525412 0.9199999999999999 0.9988302964620521 0.03333915315913087
32400 364354187 4.20122067741374e-10 165.8529732525412 0.9199999999999999 0.9988302964620521 0.03333915315913087
36000 404837986 4.20122067741374e-10 165.8529732525412 0.9199999999999999 0.9988302964620521 0.03333915315913087
39600 445321784 4.20122067741374e-10 165.8529732525412 0.9199999999999999 0.9988302964620521 0.03333915315913087
43200 485805583 4.20122067741374e-10 165.8529732525412 0.9199999999999999 0.9988302964620521 0.03333915315913087
46800 526289382 4.20122067741374e-10 165.8529732525412 0.9199999999999999 0.9988302964620521 0.03333915315913087
50400 566773180 4.20122067741374e-10 165.8529732525412 0.9199999999999999 0.9988302964620521 0.03333915315913087
54000 607256979 4.20122067741374e-10 165.8529732525412 0.9199999999999999 0.9988302964620521 0.03333915315913087
57600 647740777 4.20122067741374e-10 165.8529732525412 0.9199999999999999 0.9988302964620521 0.03333915315913087
61200 688224576 4.20122067741374e-10 165.8529732525412 0.9199999999999999 0.9988302964620521 0.03333915315913087
64800 728708374 4.20122067741374e-10 165.8529732525412 0.9199999999999999 0.9988302964620521 0.03333915315913087
68400 769192173 4.20122067741374e-10 165.8529732525412 0.9199999999999999 0.9988302964620521 0.03333915315913087
72000 809675971 4.20122067741374e-10 165.8529732525412 0.9199999999999999 0.9988302964620521 0.03333915315913087
75600 850159770 4.20122067741374e-10 165.8529732525412 0.9199999999999999 0.9988302964620521 0.03333915315913087
79200 859988337 4.20122067741374e-10 165.8529732525412 0.9199999999999999 0.9988302964620521 0.03333915315913087
