3600 40483799 4.3170308611610654e-10 169.99067223150445 0.94 0.9972138788899654 0.05862114988597069
7200 80967598 4.3170308611610654e-10 169.99067223150445 0.94 0.9972138788899654 0.05862114988597069
10800 121451396 4.3170308611610654e-10 169.99067223150445 0.94 0.9972138788899654 0.05862114988597069
14400 161935195 4.3170308611610654e-10 169.99067223150445 0.94 0.9972138788899654 0.05862114988597069
18000 202418993 4.3170308611610654e-10 169.99067223150445 0.94 0.9972138788899654 0.05862114988597069
21600 242902792 4.3170308611610654e-10 169.99067223150445 0.94 0.9972138788899654 0.05862114988597069
25200 283386590 4.3170308611610654e-10 169.99067223150445 0.94 0.9972138788899654 0.05862114988597069
28800 323870389 4.3170308611610654e-10 169.99067223150445 0.94 0.9972138788899654 0.05862114988597069
32400 364354187 4.3170308611610654e-10 169.99067223150445 0.94 0.9972138788899654 0.05862114988597069
36000 404837986 4.3170308611610654e-10 169.99067223150445 0.94 0.9972138788899654 0.05862114988597069
39600 445321784 4.3170308611610654e-10 169.99067223150445 0.94 0.9972138788899654 0.05862114988597069
43200 485805583 4.3170308611610654e-10 169.99067223150445 0.94 0.9972138788899654 0.05862114988597069
46800 526289382 4.3170308611610654e-10 169.99067223150445 0.94 0.9972138788899654 0.05862114988597069
50400 566773180 4.3170308611610654e-10 169.99067223150445 0.94 0.9972138788899654 0.05862114988597069
54000 607256979 4.3170308611610654e-10 169.99067223150445 0.94 0.9972138788899654 0.05862114988597069
57600 647740777 4.3170308611610654e-10 169.99067223150445 0.94 0.9972138788899654 0.05862114988597069
61200 688224576 4.3170308611610654e-10 169.99067223150445 0.94 0.9972138788899654 0.05862114988597069
64800 728708374 4.3170308611610654e-10 169.99067223150445 0.94 0.9972138788899654 0.05862114988597069
68400 749006501 4.3170308611610654e-10 169.99067223150445 0.94 0.9972138788899654 0.05862114988597069
