3600 40483799 4.40141825602658e-10 169.54962817842178 0.9329999999999999 0.9983745309258936 0.03344008209689214
7200 80967598 4.40141825602658e-10 169.54962817842178 0.9329999999999999 0.9983745309258936 0.03344008209689214
10800 121451396 4.40141825602658e-10 169.54962817842178 0.9329999999999999 0.9983745309258936 0.03344008209689214
14400 161935195 4.40141825602658e-10 169.54962817842178 0.9329999999999999 0.9983745309258936 0.03344008209689214
18000 202418993 4.40141825602658e-10 169.54962817842178 0.9329999999999999 0.9983745309258936 0.03344008209689214
21600 242902792 4.40141825602658e-10 169.54962817842178 0.9329999999999999 0.9983745309258936 0.03344008209689214
25200 283386590 4.40141825602658e-10 169.54962817842178 0.9329999999999999 0.9983745309258936 0.03344008209689214
28800 323870389 4.40141825602658e-10 169.54962817842178 0.9329999999999999 0.9983745309258936 0.03344008209689214
32400 364354187 4.40141825602658e-10 169.54962817842178 0.9329999999999999 0.9983745309258936 0.03344008209689214
36000 404837986 4.40141825602658e-10 169.54962817842178 0.9329999999999999 0.9983745309258936 0.03344008209689214
39600 445321784 4.40141825602658e-10 169.54962817842178 0.9329999999999999 0.9983745309258936 0.03344008209689214
43200 485805583 4.40141825602658e-10 169.54962817842178 0.9329999999999999 0.9983745309258936 0.03344008209689214
46800 526289382 4.40141825602658e-10 169.54962817842178 0.9329999999999999 0.9983745309258936 0.03344008209689214
50400 566773180 4.40141825602658e-10 169.54962817842178 0.9329999999999999 0.9983745309258936 0.03344008209689214
54000 607256979 4.40141825602658e-10 169.54962817842178 0.9329999999999999 0.9983745309258936 0.03344008209689214
57600 647740777 4.40141825602658e-10 169.54962817842178 0.9329999999999999 0.9983745309258936 0.03344008209689214
61200 680161553 4.40141825602658e-10 169.54962817842178 0.9329999999999999 0.9983745309258936 0.03344008209689214
