3600 40483799 5.811545253325251e-10 161.69844995726436 0.8121817542050058 0.9951539041406989 2.224809396728682e-05
3600 40483799 5.811545253325251e-10 161.69844995726436 0.8121817542050058 0.9951539041406989 2.224809396728682e-05
3600 40483799 5.811545253325251e-10 161.69844995726436 0.8121817542050058 0.9951539041406989 2.224809396728682e-05
3600 40483799 5.811545253325251e-10 161.69844995726436 0.8121817542050058 0.9951539041406989 2.224809396728682e-05
3600 40483799 5.811545253325251e-10 161.69844995726436 0.8121817542050058 0.9951539041406989 2.224809396728682e-05
3600 40483799 5.811545253325251e-10 161.69844995726436 0.8121817542050058 0.9951539041406989 2.224809396728682e-05
3600 40483799 5.811545253325251e-10 161.69844995726436 0.8121817542050058 0.9951539041406989 2.224809396728682e-05
3600 40483799 5.811545253325251e-10 161.69844995726436 0.8121817542050058 0.9951539041406989 2.224809396728682e-05
3600 40483799 5.811545253325251e-10 161.69844995726436 0.8121817542050058 0.9951539041406989 2.224809396728682e-05
3600 40483799 5.811545253325251e-10 161.69844995726436 0.8121817542050058 0.9951539041406989 2.224809396728682e-05
3600 40483799 5.811545253325251e-10 161.69844995726436 0.8121817542050058 0.9951539041406989 2.224809396728682e-05
3600 40483799 5.811545253325251e-10 161.69844995726436 0.8121817542050058 0.9951539041406989 2.224809396728682e-05
3600 40483799 5.811545253325251e-10 161.69844995726436 0.8121817542050058 0.9951539041406989 2.224809396728682e-05
3600 40483799 5.811545253325251e-10 161.69844995726436 0.8121817542050058 0.9951539041406989 2.224809396728682e-05
3600 40483799 5.811545253325251e-10 161.69844995726436 0.8121817542050058 0.9951539041406989 2.224809396728682e-05
3600 40483799 5.811545253325251e-10 161.69844995726436 0.8121817542050058 0.9951539041406989 2.224809396728682e-05
3600 40483799 5.811545253325251e-10 161.69844995726436 0.8121817542050058 0.9951539041406989 2.224809396728682e-05
3600 40483799 5.811545253325251e-10 161.69844995726436 0.8121817542050058 0.9951539041406989 2.224809396728682e-05
3600 40483799 5.811545253325251e-10 161.69844995726436 0.8121817542050058 0.9951539041406989 2.224809396728682e-05
7200 80967598 3.2387182171743766e-10 197.8985942009695 0.9386906761788449 0.9945853048600082 0.00019111088984773256
3600 40483799 5.811545253325251e-10 161.69844995726436 0.8121817542050058 0.9951539041406989 2.224809396728682e-05
7200 80967598 3.2387182171743766e-10 197.8985942009695 0.9386906761788449 0.9945853048600082 0.00019111088984773256
3600 40483799 5.811545253325251e-10 161.69844995726436 0.8121817542050058 0.9951539041406989 2.224809396728682e-05
7200 80967598 3.2387182171743766e-10 197.8985942009695 0.9386906761788449 0.9945853048600082 0.00019111088984773256
10800 121451396 3.79499868347924e-10 161.58603421299478 0.8748377547975812 0.9975821430589483 0.00026936512114620286
14400 161935195 3.9046328503535635e-10 161.77000358984915 0.8729710927408674 0.9986926229739892 0.00032860661811846814
18000 202418993 3.893856037916253e-10 161.7491268009557 0.8732272088246514 0.9991957069774409 0.0003922101777094883
21600 242902792 3.84795080499638e-10 161.74613410558786 0.8743038160488206 0.9994633672886604 0.00043359852971772
25200 283386590 3.830874868855e-10 161.56707305040274 0.8744413469997225 0.999629492842723 0.0004500739194461374
28800 323870389 3.8179926579305155e-10 161.6157736871183 0.8748517430471705 0.99973133426637 0.0004722087074240047
32400 364354187 3.806108532341427e-10 161.53807999265155 0.8749204224334778 0.9997794697868181 0.0005338461183154578
36000 404837986 3.8135070025200243e-10 161.6780767331348 0.8750387234252684 0.9998243929709181 0.0005799370309885752
39600 445321784 3.8114175337739346e-10 161.70948477422695 0.8751115585719696 0.9998621496520714 0.0005910461560673754
43200 485805583 3.8116571633704536e-10 161.8118845207435 0.8752611585022835 0.999889494181602 0.0005995687572271251
46800 526289382 3.811718114303641e-10 161.884518312925 0.8751349716573619 0.9998991923456519 0.0006822457794953957
50400 566773180 3.828156297929028e-10 158.94877156747268 0.8696136993367289 0.9999023946569217 0.0008243048054824659
54000 607256979 4.0486200242274145e-10 162.26198164822995 0.8642368179711061 0.9995348266088488 0.0048344138954732226
3600 40483799 5.811545253325251e-10 161.69844995726436 0.8121817542050058 0.9951539041406989 2.224809396728682e-05
7200 80967598 3.2387182171743766e-10 197.8985942009695 0.9386906761788449 0.9945853048600082 0.00019111088984773256
10800 121451396 3.79499868347924e-10 161.58603421299478 0.8748377547975812 0.9975821430589483 0.00026936512114620286
14400 161935195 3.9046328503535635e-10 161.77000358984915 0.8729710927408674 0.9986926229739892 0.00032860661811846814
18000 202418993 3.893856037916253e-10 161.7491268009557 0.8732272088246514 0.9991957069774409 0.0003922101777094883
21600 242902792 3.84795080499638e-10 161.74613410558786 0.8743038160488206 0.9994633672886604 0.00043359852971772
25200 283386590 3.830874868855e-10 161.56707305040274 0.8744413469997225 0.999629492842723 0.0004500739194461374
28800 323870389 3.8179926579305155e-10 161.6157736871183 0.8748517430471705 0.99973133426637 0.0004722087074240047
32400 364354187 3.806108532341427e-10 161.53807999265155 0.8749204224334778 0.9997794697868181 0.0005338461183154578
36000 404837986 3.8135070025200243e-10 161.6780767331348 0.8750387234252684 0.9998243929709181 0.0005799370309885752
39600 445321784 3.8114175337739346e-10 161.70948477422695 0.8751115585719696 0.9998621496520714 0.0005910461560673754
43200 485805583 3.8116571633704536e-10 161.8118845207435 0.8752611585022835 0.999889494181602 0.0005995687572271251
46800 526289382 3.811718114303641e-10 161.884518312925 0.8751349716573619 0.9998991923456519 0.0006822457794953957
50400 566773180 3.828156297929028e-10 158.94877156747268 0.8696136993367289 0.9999023946569217 0.0008243048054824659
54000 607256979 4.0486200242274145e-10 162.26198164822995 0.8642368179711061 0.9995348266088488 0.0048344138954732226
57600 647740777 4.0394805030032616e-10 162.6303098472935 0.8650545879719816 0.9995724763229781 0.005229517269974765
61200 688224576 4.0339274046332846e-10 162.69183139231086 0.8651089873073249 0.9996280898306942 0.005241504600512252
64800 728708374 4.037064714308619e-10 162.74338578856614 0.8649136992727106 0.9996545335468957 0.005546802855949958
68400 769192173 4.048173145606063e-10 162.79155909328895 0.8645244809657925 0.9996773337946715 0.006060241994670177
72000 809675971 4.0562485536075167e-10 162.83427119365865 0.8640954577651575 0.9996986313207721 0.006425372770016532
75600 850159770 4.053681904570562e-10 162.8702066945402 0.8642373113370759 0.9997344051655094 0.006325932342891238
79200 890643568 4.049252995615218e-10 162.88085747338855 0.864530138702559 0.999753378056272 0.0066274709033302265
82800 931127367 4.0525017091801797e-10 162.88868434531747 0.8645805915871658 0.9997589615398239 0.007609079488464334
86400 971611166 3.915727442460972e-10 162.88353551586593 0.8723711235553024 0.9998476951884265 0.0064530723840084
90000 1012094964 3.972312280291245e-10 162.87545727161262 0.8694666632409968 0.9997887782661831 0.009911646411642215
93600 1052578763 4.0431466086674854e-10 162.86514167522247 0.865438527218759 0.9997193404000738 0.01423003067640255
97200 1093062561 4.0569806879923147e-10 162.84887255592375 0.8653115946291962 0.9996927579422272 0.01734223729780944
100800 1100923165 4.0580467914372563e-10 162.8462640177894 0.8653278481716433 0.9996894502520888 0.017907082694165025
3600 40483799 5.811545253325251e-10 161.69844995726436 0.8121817542050058 0.9951539041406989 2.224809396728682e-05
7200 80967598 3.2387182171743766e-10 197.8985942009695 0.9386906761788449 0.9945853048600082 0.00019111088984773256
10800 121451396 3.79499868347924e-10 161.58603421299478 0.8748377547975812 0.9975821430589483 0.00026936512114620286
14400 161935195 3.9046328503535635e-10 161.77000358984915 0.8729710927408674 0.9986926229739892 0.00032860661811846814
18000 202418993 3.893856037916253e-10 161.7491268009557 0.8732272088246514 0.9991957069774409 0.0003922101777094883
21600 242902792 3.84795080499638e-10 161.74613410558786 0.8743038160488206 0.9994633672886604 0.00043359852971772
25200 283386590 3.830874868855e-10 161.56707305040274 0.8744413469997225 0.999629492842723 0.0004500739194461374
28800 323870389 3.8179926579305155e-10 161.6157736871183 0.8748517430471705 0.99973133426637 0.0004722087074240047
32400 364354187 3.806108532341427e-10 161.53807999265155 0.8749204224334778 0.9997794697868181 0.0005338461183154578
36000 404837986 3.8135070025200243e-10 161.6780767331348 0.8750387234252684 0.9998243929709181 0.0005799370309885752
39600 445321784 3.8114175337739346e-10 161.70948477422695 0.8751115585719696 0.9998621496520714 0.0005910461560673754
43200 485805583 3.8116571633704536e-10 161.8118845207435 0.8752611585022835 0.999889494181602 0.0005995687572271251
46800 526289382 3.811718114303641e-10 161.884518312925 0.8751349716573619 0.9998991923456519 0.0006822457794953957
50400 566773180 3.828156297929028e-10 158.94877156747268 0.8696136993367289 0.9999023946569217 0.0008243048054824659
54000 607256979 4.0486200242274145e-10 162.26198164822995 0.8642368179711061 0.9995348266088488 0.0048344138954732226
57600 647740777 4.0394805030032616e-10 162.6303098472935 0.8650545879719816 0.9995724763229781 0.005229517269974765
61200 688224576 4.0339274046332846e-10 162.69183139231086 0.8651089873073249 0.9996280898306942 0.005241504600512252
64800 728708374 4.037064714308619e-10 162.74338578856614 0.8649136992727106 0.9996545335468957 0.005546802855949958
68400 769192173 4.048173145606063e-10 162.79155909328895 0.8645244809657925 0.9996773337946715 0.006060241994670177
72000 809675971 4.0562485536075167e-10 162.83427119365865 0.8640954577651575 0.9996986313207721 0.006425372770016532
75600 850159770 4.053681904570562e-10 162.8702066945402 0.8642373113370759 0.9997344051655094 0.006325932342891238
79200 890643568 4.049252995615218e-10 162.88085747338855 0.864530138702559 0.999753378056272 0.0066274709033302265
82800 931127367 4.0525017091801797e-10 162.88868434531747 0.8645805915871658 0.9997589615398239 0.007609079488464334
86400 971611166 3.915727442460972e-10 162.88353551586593 0.8723711235553024 0.9998476951884265 0.0064530723840084
90000 1012094964 3.972312280291245e-10 162.87545727161262 0.8694666632409968 0.9997887782661831 0.009911646411642215
93600 1052578763 4.0431466086674854e-10 162.86514167522247 0.865438527218759 0.9997193404000738 0.01423003067640255
97200 1093062561 4.0569806879923147e-10 162.84887255592375 0.8653115946291962 0.9996927579422272 0.01734223729780944
100800 1100923165 4.0580467914372563e-10 162.8462640177894 0.8653278481716433 0.9996894502520888 0.017907082694165025
3600 40483799 5.811545253325251e-10 161.69844995726436 0.8121817542050058 0.9951539041406989 2.224809396728682e-05
7200 80967598 3.2387182171743766e-10 197.8985942009695 0.9386906761788449 0.9945853048600082 0.00019111088984773256
10800 121451396 3.79499868347924e-10 161.58603421299478 0.8748377547975812 0.9975821430589483 0.00026936512114620286
14400 161935195 3.9046328503535635e-10 161.77000358984915 0.8729710927408674 0.9986926229739892 0.00032860661811846814
18000 202418993 3.893856037916253e-10 161.7491268009557 0.8732272088246514 0.9991957069774409 0.0003922101777094883
21600 242902792 3.84795080499638e-10 161.74613410558786 0.8743038160488206 0.9994633672886604 0.00043359852971772
25200 283386590 3.830874868855e-10 161.56707305040274 0.8744413469997225 0.999629492842723 0.0004500739194461374
28800 323870389 3.8179926579305155e-10 161.6157736871183 0.8748517430471705 0.99973133426637 0.0004722087074240047
32400 364354187 3.806108532341427e-10 161.53807999265155 0.8749204224334778 0.9997794697868181 0.0005338461183154578
36000 404837986 3.8135070025200243e-10 161.6780767331348 0.8750387234252684 0.9998243929709181 0.0005799370309885752
39600 445321784 3.8114175337739346e-10 161.70948477422695 0.8751115585719696 0.9998621496520714 0.0005910461560673754
43200 485805583 3.8116571633704536e-10 161.8118845207435 0.8752611585022835 0.999889494181602 0.0005995687572271251
46800 526289382 3.811718114303641e-10 161.884518312925 0.8751349716573619 0.9998991923456519 0.0006822457794953957
50400 566773180 3.828156297929028e-10 158.94877156747268 0.8696136993367289 0.9999023946569217 0.0008243048054824659
54000 607256979 4.0486200242274145e-10 162.26198164822995 0.8642368179711061 0.9995348266088488 0.0048344138954732226
57600 647740777 4.0394805030032616e-10 162.6303098472935 0.8650545879719816 0.9995724763229781 0.005229517269974765
61200 688224576 4.0339274046332846e-10 162.69183139231086 0.8651089873073249 0.9996280898306942 0.005241504600512252
64800 728708374 4.037064714308619e-10 162.74338578856614 0.8649136992727106 0.9996545335468957 0.005546802855949958
68400 769192173 4.048173145606063e-10 162.79155909328895 0.8645244809657925 0.9996773337946715 0.006060241994670177
72000 809675971 4.0562485536075167e-10 162.83427119365865 0.8640954577651575 0.9996986313207721 0.006425372770016532
75600 850159770 4.053681904570562e-10 162.8702066945402 0.8642373113370759 0.9997344051655094 0.006325932342891238
79200 890643568 4.049252995615218e-10 162.88085747338855 0.864530138702559 0.999753378056272 0.0066274709033302265
82800 931127367 4.0525017091801797e-10 162.88868434531747 0.8645805915871658 0.9997589615398239 0.007609079488464334
86400 971611166 3.915727442460972e-10 162.88353551586593 0.8723711235553024 0.9998476951884265 0.0064530723840084
90000 1012094964 3.972312280291245e-10 162.87545727161262 0.8694666632409968 0.9997887782661831 0.009911646411642215
93600 1052578763 4.0431466086674854e-10 162.86514167522247 0.865438527218759 0.9997193404000738 0.01423003067640255
97200 1093062561 4.0569806879923147e-10 162.84887255592375 0.8653115946291962 0.9996927579422272 0.01734223729780944
100800 1100923165 4.0580467914372563e-10 162.8462640177894 0.8653278481716433 0.9996894502520888 0.017907082694165025
