3600 40483799 7.219147815149504e-10 162.80895549869402 0.817751481793841 0.9972320582246849 3.109712047852826e-05
7200 80967598 3.5076035119051385e-10 199.9989204151971 0.952903031390005 0.9843167011148641 0.0008991420953526909
10800 121451396 3.73586253960364e-10 199.99738782879172 0.9507071504323987 0.9939927047008863 0.0009585328619824187
14400 161935195 4.091361543312063e-10 159.03740623537874 0.883748442377194 0.9971275608137171 0.0011255923297333445
18000 202418993 4.2658079980389345e-10 159.204686330964 0.8815247125586682 0.9977047932715094 0.001618235160403988
21600 242902792 4.25171676057249e-10 159.16830500179188 0.8816766759268647 0.9986429105275613 0.0016377507272498837
25200 283386590 4.2268202217158613e-10 159.08016672104745 0.8819203570110357 0.9990855397492358 0.0016945126363716485
28800 323870389 4.222936115647397e-10 159.0930734797753 0.8820169693152953 0.9993507116871169 0.0017015955365094633
32400 364354187 4.2338699367317813e-10 159.11861496155717 0.881910474711442 0.9994858957283718 0.001769410938991024
36000 404837986 4.2041747016510477e-10 159.11287683145616 0.882344456953574 0.9995474570464884 0.0021211636946235624
39600 445321784 4.19012780289607e-10 159.1365550338267 0.8825236225348787 0.9995993062055899 0.0023899349115039533
43200 485805583 4.168408862069052e-10 159.1672567958721 0.8828488157386759 0.9995956950348106 0.0031359916001711357
46800 526289382 4.150900707216722e-10 159.18044553994864 0.8828715156024676 0.9995777366914582 0.003983759858968468
50400 566773180 4.1674501242883305e-10 159.2123130090402 0.8824695341620282 0.9996071536908833 0.00454615719662606
54000 607256979 4.174543851057271e-10 158.28928483030737 0.8801296216222025 0.9995423904924058 0.006167775955391438
57600 647740777 4.2255119872537255e-10 159.3274144733359 0.8801902365401486 0.9994723767279872 0.008574344956816998
61200 688224576 4.229842925785399e-10 159.37095602808748 0.8799613954796737 0.9994829142221584 0.009777989746131317
64800 728708374 4.234308075627062e-10 159.40998163731783 0.8797693227613993 0.9995135667278482 0.010613542044502048
68400 741089669 4.235433102759124e-10 159.41919298078167 0.8797280189997851 0.9995278094855629 0.010723552213976879
3600 40483799 7.219147815149504e-10 162.80895549869402 0.817751481793841 0.9972320582246849 3.109712047852826e-05
7200 80967598 3.5076035119051385e-10 199.9989204151971 0.952903031390005 0.9843167011148641 0.0008991420953526909
10800 121451396 3.73586253960364e-10 199.99738782879172 0.9507071504323987 0.9939927047008863 0.0009585328619824187
3600 40483799 7.219147815149504e-10 162.80895549869402 0.817751481793841 0.9972320582246849 3.109712047852826e-05
7200 80967598 3.5076035119051385e-10 199.9989204151971 0.952903031390005 0.9843167011148641 0.0008991420953526909
10800 121451396 3.73586253960364e-10 199.99738782879172 0.9507071504323987 0.9939927047008863 0.0009585328619824187
14400 161935195 4.091361543312063e-10 159.03740623537874 0.883748442377194 0.9971275608137171 0.0011255923297333445
18000 202418993 4.2658079980389345e-10 159.204686330964 0.8815247125586682 0.9977047932715094 0.001618235160403988
21600 242902792 4.25171676057249e-10 159.16830500179188 0.8816766759268647 0.9986429105275613 0.0016377507272498837
25200 283386590 4.2268202217158613e-10 159.08016672104745 0.8819203570110357 0.9990855397492358 0.0016945126363716485
28800 323870389 4.222936115647397e-10 159.0930734797753 0.8820169693152953 0.9993507116871169 0.0017015955365094633
32400 364354187 4.2338699367317813e-10 159.11861496155717 0.881910474711442 0.9994858957283718 0.001769410938991024
36000 404837986 4.2041747016510477e-10 159.11287683145616 0.882344456953574 0.9995474570464884 0.0021211636946235624
39600 445321784 4.19012780289607e-10 159.1365550338267 0.8825236225348787 0.9995993062055899 0.0023899349115039533
43200 485805583 4.168408862069052e-10 159.1672567958721 0.8828488157386759 0.9995956950348106 0.0031359916001711357
46800 526289382 4.150900707216722e-10 159.18044553994864 0.8828715156024676 0.9995777366914582 0.003983759858968468
50400 566773180 4.1674501242883305e-10 159.2123130090402 0.8824695341620282 0.9996071536908833 0.00454615719662606
54000 607256979 4.174543851057271e-10 158.28928483030737 0.8801296216222025 0.9995423904924058 0.006167775955391438
57600 647740777 4.2255119872537255e-10 159.3274144733359 0.8801902365401486 0.9994723767279872 0.008574344956816998
61200 688224576 4.229842925785399e-10 159.37095602808748 0.8799613954796737 0.9994829142221584 0.009777989746131317
64800 728708374 4.234308075627062e-10 159.40998163731783 0.8797693227613993 0.9995135667278482 0.010613542044502048
68400 741089669 4.235433102759124e-10 159.41919298078167 0.8797280189997851 0.9995278094855629 0.010723552213976879
