3600 40483799 7.471837249858634e-10 199.99999991558556 0.9406348729262974 0.9944346609982763 0.00016061969054933004
7200 80967598 5.214489912204731e-10 199.99875218951982 0.9572055628007332 0.9966306157751046 0.00047528885644226984
10800 121451396 4.779334085450897e-10 196.1166175373754 0.9552359033665653 0.9975258918159039 0.0008431142544917064
14400 161935195 4.480025345754063e-10 190.41946199716347 0.9495965544451889 0.9896509785035147 0.006547765605716749
18000 202418993 2.851872850134143e-10 153.22161167490367 0.9030209997331522 0.9511589001708131 0.042876706728618076
21600 242902792 2.637860938513911e-10 154.35683901019783 0.9069051509357439 0.9656560417738477 0.04369689305277847
25200 283386590 2.726060807956217e-10 153.53369318731438 0.9044288544514423 0.9748020866323447 0.046060718412140704
28800 323870389 2.8899190680511185e-10 153.89204803334553 0.9035914999041107 0.9799668562175037 0.05080909400356318
32400 364354187 3.025226830179271e-10 155.64333351467891 0.9049398908125891 0.9840822538607676 0.05431220077707672
36000 404837986 3.0769795444922145e-10 156.41379089116444 0.9060015304390525 0.9869252197537349 0.05884567426825673
39600 445321784 3.147218860798032e-10 156.64578497477186 0.9055591541256847 0.9889034686943436 0.06419393455214346
43200 485805583 3.197525943769142e-10 157.1442131689766 0.9058199570190059 0.9904755833119228 0.06881175818053577
46800 526289382 3.271177409583018e-10 157.32455444713838 0.9054066769577519 0.991852428611017 0.07272832464556844
50400 566773180 3.5034297032911883e-10 157.24332591543686 0.9006241888648882 0.9929214424332528 0.07444470999877408
54000 607256979 3.485490243005546e-10 157.4041760913723 0.9007797010758143 0.9939492809887115 0.07566283294614498
57600 647740777 3.686287468556432e-10 157.55334432593375 0.8956298244185563 0.9941873992547355 0.08283839157629581
61200 688224576 3.714122567182827e-10 157.69956063652162 0.8950094684316315 0.9947837787436622 0.08638069245223642
64800 728708374 3.7405161284935597e-10 157.8149047595447 0.8944905580564775 0.9952409073632481 0.08921825366129103
68400 769192173 3.783665151947939e-10 157.93932913868352 0.8935887579911529 0.9956830974529643 0.09218667047169776
72000 809675971 3.9677136553511456e-10 158.01510229520653 0.8875822388619812 0.994972508085539 0.11945379535691945
75600 850159770 3.8328539457515186e-10 158.0652518229368 0.8937019289110204 0.9964872254338456 0.09493117249559505
79200 890643568 4.0309634268620386e-10 158.10317069363106 0.8864808886317126 0.9958186213695382 0.12514431507908905
82800 931127367 4.034868675582842e-10 158.1344440306179 0.8863558168269973 0.9961083262982009 0.13267497063367112
86400 971611166 4.0364131018254186e-10 158.15124514187445 0.8860499538600859 0.9961955398341328 0.14709141804945372
90000 1012094964 4.0489261206799333e-10 158.19049742140118 0.8857213026072741 0.9964128453569221 0.15241707980818892
93600 1052578763 4.060790820203972e-10 158.23408000104607 0.8853736989309414 0.9965953210926246 0.15791688797822057
97200 1076846551 4.066926309693435e-10 158.26649531098585 0.8851504059208941 0.9966853954348025 0.16260608043048028
3600 40483799 7.471837249858634e-10 199.99999991558556 0.9406348729262974 0.9944346609982763 0.00016061969054933004
7200 80967598 5.214489912204731e-10 199.99875218951982 0.9572055628007332 0.9966306157751046 0.00047528885644226984
10800 121451396 4.779334085450897e-10 196.1166175373754 0.9552359033665653 0.9975258918159039 0.0008431142544917064
14400 161935195 4.480025345754063e-10 190.41946199716347 0.9495965544451889 0.9896509785035147 0.006547765605716749
18000 202418993 2.851872850134143e-10 153.22161167490367 0.9030209997331522 0.9511589001708131 0.042876706728618076
21600 242902792 2.637860938513911e-10 154.35683901019783 0.9069051509357439 0.9656560417738477 0.04369689305277847
25200 283386590 2.726060807956217e-10 153.53369318731438 0.9044288544514423 0.9748020866323447 0.046060718412140704
28800 323870389 2.8899190680511185e-10 153.89204803334553 0.9035914999041107 0.9799668562175037 0.05080909400356318
32400 364354187 3.025226830179271e-10 155.64333351467891 0.9049398908125891 0.9840822538607676 0.05431220077707672
36000 404837986 3.0769795444922145e-10 156.41379089116444 0.9060015304390525 0.9869252197537349 0.05884567426825673
39600 445321784 3.147218860798032e-10 156.64578497477186 0.9055591541256847 0.9889034686943436 0.06419393455214346
43200 485805583 3.197525943769142e-10 157.1442131689766 0.9058199570190059 0.9904755833119228 0.06881175818053577
46800 526289382 3.271177409583018e-10 157.32455444713838 0.9054066769577519 0.991852428611017 0.07272832464556844
50400 566773180 3.5034297032911883e-10 157.24332591543686 0.9006241888648882 0.9929214424332528 0.07444470999877408
54000 607256979 3.485490243005546e-10 157.4041760913723 0.9007797010758143 0.9939492809887115 0.07566283294614498
57600 647740777 3.686287468556432e-10 157.55334432593375 0.8956298244185563 0.9941873992547355 0.08283839157629581
61200 688224576 3.714122567182827e-10 157.69956063652162 0.8950094684316315 0.9947837787436622 0.08638069245223642
64800 728708374 3.7405161284935597e-10 157.8149047595447 0.8944905580564775 0.9952409073632481 0.08921825366129103
68400 769192173 3.783665151947939e-10 157.93932913868352 0.8935887579911529 0.9956830974529643 0.09218667047169776
72000 809675971 3.9677136553511456e-10 158.01510229520653 0.8875822388619812 0.994972508085539 0.11945379535691945
75600 850159770 3.8328539457515186e-10 158.0652518229368 0.8937019289110204 0.9964872254338456 0.09493117249559505
79200 890643568 4.0309634268620386e-10 158.10317069363106 0.8864808886317126 0.9958186213695382 0.12514431507908905
82800 931127367 4.034868675582842e-10 158.1344440306179 0.8863558168269973 0.9961083262982009 0.13267497063367112
86400 971611166 4.0364131018254186e-10 158.15124514187445 0.8860499538600859 0.9961955398341328 0.14709141804945372
90000 1012094964 4.0489261206799333e-10 158.19049742140118 0.8857213026072741 0.9964128453569221 0.15241707980818892
93600 1052578763 4.060790820203972e-10 158.23408000104607 0.8853736989309414 0.9965953210926246 0.15791688797822057
97200 1076846551 4.066926309693435e-10 158.26649531098585 0.8851504059208941 0.9966853954348025 0.16260608043048028
