3600 40483799 7.398063582274082e-10 163.9586030604706 0.8078739025635824 0.9958522154508824 4.993847224463165e-05
7200 80967598 3.836865655815419e-10 199.99862879699833 0.9508241724881432 0.9909798658891548 0.0006695729039532151
10800 121451396 4.5239983029991256e-10 159.30048114613527 0.8808614388602256 0.9952434007595456 0.001028195504700533
14400 161935195 4.646708424383977e-10 159.57527245550398 0.8796347136512466 0.9976770214855736 0.0011178737762985766
18000 202418993 4.693210848850512e-10 158.83311506966703 0.8776356447745502 0.9988105084311496 0.0011260762609999668
3600 40483799 7.398063582274082e-10 163.9586030604706 0.8078739025635824 0.9958522154508824 4.993847224463165e-05
7200 80967598 3.836865655815419e-10 199.99862879699833 0.9508241724881432 0.9909798658891548 0.0006695729039532151
10800 121451396 4.5239983029991256e-10 159.30048114613527 0.8808614388602256 0.9952434007595456 0.001028195504700533
14400 161935195 4.646708424383977e-10 159.57527245550398 0.8796347136512466 0.9976770214855736 0.0011178737762985766
18000 202418993 4.693210848850512e-10 158.83311506966703 0.8776356447745502 0.9988105084311496 0.0011260762609999668
21600 242902792 4.718292970794994e-10 158.89365490474577 0.8773074640355526 0.999250778840163 0.001138505324349269
25200 283386590 4.772987793801458e-10 159.0342562466514 0.8765651649969886 0.9994423593772035 0.0013160044247660456
28800 323870389 4.765169310413054e-10 159.8653373738923 0.878104112291531 0.9995483354293195 0.0015416750563718848
32400 364354187 4.726115251530447e-10 159.72079772234565 0.8786493451450693 0.9996169290661157 0.001813720845670454
36000 404837986 4.716564349340036e-10 159.84575443650232 0.8790577518718812 0.9996949515835923 0.001856303720878258
39600 445321784 4.718168488490588e-10 159.77253532007265 0.8786850203699137 0.9997443914627178 0.0020296198637389804
43200 485805583 4.66743642526716e-10 159.66519842320324 0.8797654036832725 0.999696648466307 0.00315925652852509
46800 526289382 4.6409992428461963e-10 159.3619841409477 0.8797542874333111 0.9996703792660709 0.004237697740341692
50400 566773180 4.6229195279911557e-10 159.27893773310575 0.8798919121757666 0.9996275875657908 0.005947676676345959
54000 607256979 4.6068447023554884e-10 159.2212268785232 0.8799964480041308 0.999646426144221 0.006629552824718301
57600 647740777 4.594833777560802e-10 159.17604726229663 0.8800439751307585 0.9996728584803577 0.007077047519625239
61200 688224576 4.581170028290118e-10 159.14216112072123 0.8803079926576078 0.9997121140036426 0.007086583406727974
64800 728708374 4.562128458953135e-10 159.12565508893596 0.8811053985012997 0.9997070480109367 0.008537017660109857
68400 769192173 4.5357486804723947e-10 159.3724086738292 0.882974214013068 0.9996505125752809 0.012363447452923284
72000 809675971 4.561604740730811e-10 160.1576039963423 0.8833615989558545 0.9996580653902708 0.013875803260499819
75600 850159770 4.495060175586031e-10 163.89691281308427 0.8916450639543275 0.9996628764656795 0.015213795792359866
79200 890643568 4.4649999628925356e-10 161.6090701140012 0.8889468792348107 0.9996615278442498 0.0166797269210941
82800 931127367 4.474648474311777e-10 164.60286020994715 0.8934565835749502 0.9997061513137789 0.016166434087925764
86400 971611166 4.5245996641012313e-10 159.62421906280252 0.8837829367795673 0.9997349955044186 0.016596599976407934
90000 1012094964 4.52796166271393e-10 159.0638512763308 0.882958561070713 0.9997210855747042 0.019428516304859627
93600 1052578763 4.5049775331023557e-10 158.98752134346466 0.8825379683434403 0.9996972208348585 0.02361682035207493
97200 1093062561 4.462567803570388e-10 157.99648087754343 0.8821001959086474 0.9996557606181056 0.03001901764084817
100800 1133546360 4.307766011630785e-10 157.87707632504743 0.8865311535134573 0.9995039531066007 0.04477462331705673
104400 1174030158 4.311370262080366e-10 157.9129977069302 0.8862955440154264 0.9994577213129757 0.05623015519904853
108000 1214513957 4.3141992939752517e-10 157.94088300100367 0.8861107653914392 0.9994188212732676 0.06638972185513609
111600 1254997755 4.3179788018283614e-10 157.97847623014664 0.8858576365712937 0.9993519300514625 0.08337416607437563
115200 1295481554 4.3208615119882e-10 158.00839093119313 0.8856555077307883 0.9992907443927085 0.09936632176160635
118800 1335965352 4.3238260028355127e-10 158.04066505326225 0.885438688874615 0.9992245634862338 0.11829661159027346
122400 1376449151 4.326360558397017e-10 158.07103003330494 0.8852392741529832 0.9991710807640938 0.13636372681674122
126000 1416932950 4.3283701051685e-10 158.09847873801735 0.8850646603678747 0.9991341653711664 0.15220275849948559
129600 1457416748 4.3298712315746835e-10 158.12315043542918 0.8849142363620265 0.9991136781479018 0.16538034796113815
133200 1495179136 4.3308910475889654e-10 158.14356848683747 0.884794165785515 0.999103966142658 0.17575106929680107
