3600 40483799 7.627290368471681e-10 199.9999994760146 0.9297102742959713 0.9959034670209563 8.975987394655756e-05
7200 80967598 4.974241497106642e-10 199.99997416543297 0.953927792256899 0.9944389800743462 0.0004713620345267348
10800 121451396 2.0000000000000003e-10 193.34465295110317 0.962796988594479 0.9162040460521107 0.01422703432242671
14400 161935195 2.0000000000000003e-10 153.80322751848033 0.8993613817653631 0.9491635473439798 0.01553187519322597
18000 202418993 2.207363558185576e-10 155.2405115116484 0.9005549732951582 0.9649946101558514 0.018887661533010837
21600 242902792 2.5592383292691075e-10 155.96494067084072 0.8981161587882424 0.9734115551073148 0.024082026434960612
25200 283386590 2.841428872440868e-10 159.75605792095672 0.9012753498223798 0.9782865126002757 0.030142155747012067
28800 323870389 3.3438957954128995e-10 160.23164820667668 0.893058562930554 0.9825381863905902 0.03609751639187456
32400 364354187 3.492518477168329e-10 160.35397741181353 0.8905475007746313 0.9861211613497316 0.03952936539706523
36000 404837986 3.607047145460114e-10 160.46826688784844 0.8884306495481608 0.9889534461612532 0.04063531980047601
39600 445321784 3.768061821895047e-10 160.58488449315013 0.8840906398515238 0.9910905667925047 0.04198959185738421
43200 485805583 3.841999917345267e-10 160.65677361117378 0.8822751127404742 0.9925654864281535 0.043505175062639324
46800 526289382 3.9649940080635013e-10 160.69987604599152 0.8785786037341641 0.9935829614850556 0.047082799109235025
50400 566773180 3.902508252445985e-10 160.71785440576997 0.8812017859247193 0.9946409524337202 0.049540635059784385
54000 607256979 4.05320708065313e-10 160.72241522834923 0.8762042044430255 0.9951044052385275 0.05319491283385249
57600 647740777 4.080694467247265e-10 160.71192121966658 0.8754119459248558 0.9956552234056252 0.05742648236200392
61200 688224576 4.094190534493289e-10 160.70764118061663 0.8753975223334705 0.9961720896616529 0.059750493198403115
64800 728708374 4.1063935118199197e-10 160.70906911834118 0.8753503369629819 0.9966280035268124 0.061151924403683625
68400 769192173 4.116380621482657e-10 160.70921274203667 0.8753148114338354 0.9969687150727833 0.06231481941065459
72000 809675971 4.1255577797984394e-10 160.71974724594475 0.8752172984572173 0.9972690623150737 0.06272266481742597
75600 850159770 4.1347599934819514e-10 160.74090683013125 0.8750545138098824 0.9975473699942303 0.06283252394792764
79200 890643568 4.06750882466501e-10 160.76571011715743 0.8778301182182175 0.9977864152166102 0.06400026605578218
82800 931127367 4.077106898176681e-10 160.79326164135622 0.8773507754306079 0.9980087184375874 0.06368659354899636
86400 971611166 4.0855930372462407e-10 160.82258303343343 0.8768934514945667 0.9981753991608041 0.0636161863139054
90000 1012094964 4.0945280803319624e-10 160.8574115332556 0.8763853341601521 0.9983306365937286 0.06381829174068922
93600 1031358505 4.098336999345469e-10 160.8732815845895 0.8761609406972676 0.9983946179810621 0.06398374251177501
