3600 40483799 4.449726313812757e-10 100.00016763142925 0.7525362240007004 0.9633553802595572 0.000154963019376905
7200 80967598 5.972150519290821e-10 107.83312829498954 0.7496575037399771 0.9941812186105771 0.00020241576475251753
10800 121451396 4.471769628719728e-10 167.7829480056738 0.8943613588262528 0.9921934771829445 0.0009430643180345092
14400 161935195 4.2917294791264724e-10 162.0697554264696 0.8873157111382359 0.9964458847453301 0.0009972408292388706
18000 202418993 4.266184907359659e-10 158.89713950345853 0.8824617606997919 0.9980922298756716 0.0009997885525536527
21600 242902792 4.278709755075699e-10 158.9025560855982 0.882298335067382 0.998828494513347 0.001015759202738104
25200 283386590 4.298251098239542e-10 158.90577047681845 0.8819144523973687 0.9992060555413336 0.0010282099943278956
28800 323870389 4.338092184606764e-10 158.9097157791261 0.8811824547835693 0.9994011526224106 0.0011335938584141954
32400 364354187 4.341037800288913e-10 158.90503618675882 0.8811092032964064 0.9995083420804413 0.0013054759353901587
36000 404837986 4.3189982101625037e-10 158.9018028400687 0.881553110678607 0.9996123676158122 0.0013941735046189292
39600 445321784 4.280453371966504e-10 158.90454376033892 0.8825007811041073 0.9996770315363896 0.0015344384632635382
43200 485805583 4.2683521659145303e-10 158.917200923085 0.882444118948408 0.9996481790621469 0.00219062228478654
46800 526289382 4.2663538861518744e-10 158.9344594110596 0.882306656769831 0.9996650995797519 0.0026360649803806816
50400 566773180 4.266035776100615e-10 158.95597081308705 0.8821560232206846 0.9996739580826559 0.0031540479164855898
54000 607256979 4.267208968422059e-10 158.97667465472725 0.8820272953782022 0.9996972739310965 0.0035063035273991956
57600 647740777 4.2682238763400964e-10 158.9864376808095 0.8819866664610321 0.9997377200037216 0.003561500013157869
61200 688224576 4.2674487487786815e-10 158.98094130381438 0.8820507220665645 0.9997516435345996 0.004048668714539876
64800 728708374 4.262863329658746e-10 158.96005735023962 0.8825346364887476 0.9997371664972854 0.005422037470719843
68400 769192173 4.2627642836755763e-10 158.95479213953044 0.8825555114918783 0.9997474724331483 0.0059798565063197365
72000 809675971 4.264183400577559e-10 158.9623874624329 0.8825170063266136 0.9997761723386644 0.00600503188612246
75600 850159770 4.2672368245380725e-10 158.9764137304891 0.8824081517687825 0.9997984825406881 0.006070841425545242
79200 890643568 4.256207033803093e-10 156.644638159881 0.8789259269690884 0.99981395577212 0.0062413787576562196
82800 931127367 4.281936926288106e-10 159.03237385018403 0.8818266290468225 0.9998021379894783 0.007503030924519786
86400 958825033 4.2894319552218034e-10 159.06173190154004 0.881658594401118 0.9997934451791844 0.008689752359952008
