3600 40483799 6.691563452444345e-10 169.8541767155028 0.8299197759947999 0.9937495853543555 4.272685190113078e-05
7200 80967598 6.714318071512865e-10 162.16593417958325 0.8183360619367726 0.9984610721593875 6.505195839472869e-05
10800 121451396 4.0467809955269206e-10 175.40185730484208 0.9125010396196919 0.9816375993621269 0.0022635394512705
14400 161935195 3.9602431851390474e-10 169.31993235734706 0.9038943974025601 0.9921672303575141 0.0022813986137488074
18000 202418993 4.0855551589514545e-10 159.02188650639292 0.8851335221226704 0.9956308805373963 0.0024000453664859644
21600 242902792 4.2165554157812516e-10 158.959602319126 0.8828129519602788 0.997013224345149 0.0026447289604393334
25200 283386590 4.2429962999113715e-10 158.97794849554907 0.8823658413875772 0.9980772638803952 0.002675990768963099
28800 323870389 4.250026939526602e-10 158.98594759000565 0.8823824089502481 0.9985300784437633 0.002766186466540213
32400 364354187 4.2502103220298896e-10 158.99358715791533 0.8823829689900996 0.9989485380214458 0.002770578171393158
36000 404837986 4.2491864074481085e-10 159.0566091613329 0.8825716281954478 0.9992159933912733 0.002777047380152176
39600 445321784 4.245202942217861e-10 159.00029370596417 0.8824918911051435 0.9993788793622501 0.002806600047222917
43200 485805583 4.239372640206743e-10 158.98784566867366 0.8825237098890765 0.9994969449421096 0.002856345811173908
46800 526289382 4.234306414952375e-10 158.82887481123333 0.8822788574018927 0.9995854216657886 0.0029064184279257626
50400 566773180 4.2372778185136254e-10 158.9970334586889 0.8824864728323624 0.9996539575424309 0.002941622630789246
54000 607256979 4.2365863425683197e-10 159.01351508152342 0.8825863056508477 0.9997060047787961 0.0029465484798158483
57600 647740777 4.2392015056293747e-10 159.0531547631154 0.8828620237960446 0.9997326834465121 0.0032584594120983385
61200 688224576 4.265756817137627e-10 159.03680905496088 0.882209994145377 0.999718519048447 0.004383018906303862
64800 728708374 4.261122158931945e-10 159.01233582261202 0.8825071852988652 0.9996819095533658 0.006172313497794384
68400 769192173 4.256968482070982e-10 158.99501064222076 0.8827401352686707 0.9996871255446078 0.007140681606334943
72000 809675971 4.253669687237364e-10 158.9792493104084 0.8829400494406624 0.9996953629443067 0.007984905995236156
75600 850159770 4.252969884685917e-10 158.97007604695168 0.8830498028065525 0.9997153023548244 0.00839490327869371
79200 890643568 4.2563146304177865e-10 158.97478050866638 0.8829962060281065 0.9997424838759367 0.008342431344382369
82800 931127367 4.262336779286408e-10 158.98854478526636 0.8828390912458983 0.9997674023467431 0.00832302051683368
86400 971611166 4.2682155064137083e-10 159.00258891331686 0.8826790507344872 0.999786189746556 0.008395094385743254
90000 1012094964 4.2779559889394413e-10 159.02931864643026 0.8823734399760381 0.9997960769391426 0.009064038218865424
93600 1021957267 4.2803685114887e-10 159.03615540992564 0.882294096160567 0.9997950523866751 0.009374843958350438
