3600 40483799 4.349809930538629e-10 100.00000000000001 0.7532980292234983 0.9796951666763022 0.00012999550417978363
7200 80967598 4.07321003628081e-10 158.89480440087638 0.8824503176970985 0.9811798565695258 0.0008779073712592883
10800 121451396 3.728045390200069e-10 165.97670722831378 0.8976357822999249 0.9929333768366432 0.0009746272774588083
14400 161935195 3.9042792726216395e-10 158.45154481268125 0.8828512842382685 0.9966805747347721 0.0010409656345610088
18000 202418993 5.105635133823158e-10 162.61453962851076 0.8665396305209528 0.9852682141239331 0.011587481963707428
21600 242902792 5.317328382513367e-10 162.23610684947036 0.8593896412571348 0.9905753122497143 0.012171701597557524
25200 283386590 5.186263879411567e-10 160.76384935708782 0.8612434666794532 0.9933043875006572 0.013444750263215432
28800 323870389 4.984016109593651e-10 159.2097481209586 0.8650673029728162 0.9943874554114542 0.01589216882613038
32400 364354187 4.713693583797576e-10 159.11005737597634 0.8727430462300987 0.9948129623013079 0.01971889593509325
36000 404837986 4.5078975649901546e-10 159.04416842767336 0.8779055889054455 0.9952115061066827 0.023459343424961438
39600 445321784 4.3724480573348114e-10 159.01133237442758 0.8811202568190776 0.9956123161026892 0.026691038604778634
43200 485805583 4.345759256410979e-10 159.00482214914018 0.8812074050167028 0.995890898596781 0.030860727873239135
46800 526289382 4.323332901172519e-10 159.0212337043539 0.8812674616359158 0.9961183010900632 0.035875378366875925
50400 566773180 4.3050374121461684e-10 159.05552025963127 0.8812740689970869 0.9963104173668328 0.04101442170748463
54000 607256979 4.298692057683161e-10 159.10101666175308 0.8809849075501609 0.9964930407121773 0.04610722071547566
57600 647740777 4.3005014704941364e-10 159.1576921348943 0.8805393516667984 0.9966255982397043 0.05213951486192271
61200 688224576 4.3065538935484677e-10 159.22784173850656 0.8799696271317512 0.9966205407645226 0.06064563764773723
64800 728708374 4.312953944087334e-10 159.3083653720132 0.8793569501918923 0.9965210808144912 0.07140477159976048
68400 769192173 4.3181697060821516e-10 159.39583600540212 0.8787478226014064 0.9964559210641128 0.08255105328000312
72000 809675971 4.322343117248487e-10 159.49758160095837 0.8780924288017993 0.9964306402056053 0.09476295623451261
75600 850159770 4.3251531928019525e-10 159.6000792447649 0.8774698258451287 0.9964369327644033 0.10654529253277577
79200 890643568 4.3268539801609717e-10 159.70171904887974 0.8768800919552371 0.9964758385489252 0.11763781584488214
82800 922861925 4.3273966749998295e-10 159.77384564484476 0.8764773206953749 0.9965325780579647 0.12492812091886389
