3600 40483799 5.230051096031893e-10 164.13683155936775 0.8636318617672772 0.9354192215915952 0.0004439954810086822
7200 80967598 4.804913628550332e-10 199.99824235666736 0.9226010703425087 0.9903474669755103 0.0005424610845388318
10800 121451396 5.155587211716454e-10 165.05267827690633 0.8607509439828283 0.995825015451574 0.0006527524459864337
14400 161935195 4.697059899951213e-10 161.8739243478887 0.8687093082390172 0.9976814923192983 0.0008836147432819722
18000 202418993 4.661859877939861e-10 160.06188664530558 0.866755568392166 0.9987523714488982 0.000891916446473451
21600 242902792 4.5940260458113653e-10 159.94993369242346 0.8684227820343078 0.9990957471487182 0.0010580769647812883
25200 283386590 4.5637499718523346e-10 159.90882709837018 0.8691658899719098 0.9993794014573644 0.0011003463830296853
28800 323870389 4.511176526911876e-10 159.8775501179542 0.870607296349647 0.9995209826101268 0.0011934523818544435
32400 364354187 4.463586521307961e-10 159.85270270468249 0.8719283464967208 0.9996075521221289 0.001347761857064298
36000 404837986 4.4041544698830494e-10 159.83538523529526 0.8736924590397516 0.9996633585017926 0.0015052705802684533
39600 445321784 4.354637272854546e-10 159.8269265231607 0.8751186982025363 0.9996679630871199 0.0019299341465967089
43200 485805583 4.287943290466624e-10 159.82688622771616 0.8770946602633973 0.9996656666385686 0.002462147473970312
46800 526289382 4.2533330795287525e-10 159.83079384406858 0.878086218526839 0.9996901379924215 0.0027713831805289734
50400 566773180 4.2515880974603987e-10 159.8358659078766 0.8781121248800834 0.999728745032946 0.0028705642681468393
54000 607256979 4.2417911867650646e-10 159.8417575514542 0.8784285181823294 0.9997634417195667 0.0029527943543696247
57600 647740777 4.2411425745485087e-10 159.8427600116432 0.8784182361500311 0.9997975471584452 0.0029558001692184498
61200 688224576 4.2408112852025047e-10 159.8448559883286 0.8784030424028496 0.9998235339628087 0.002965597867631729
64800 728708374 4.240902612807233e-10 159.84982574404458 0.8783714139669399 0.9998446165811784 0.0029778934518283205
68400 769192173 4.241261076841403e-10 159.85522959996172 0.878338902248713 0.9998603298569321 0.0030233943018220027
72000 809675971 4.242657740253326e-10 159.86777186340007 0.8782648437213976 0.9998736362512068 0.003112811394202317
75600 850159770 4.244542920334261e-10 159.8824217626547 0.8781807221525604 0.9998834659306272 0.003257130142514911
79200 890643568 4.246827750492175e-10 159.89835713633232 0.8780911178236286 0.9998898309185792 0.0034807907320884455
82800 903395965 4.2478450605802104e-10 159.90497051009694 0.8780541840244288 0.9998907743608553 0.003616763189200322
