3600 40483799 2.0000000000000003e-10 100.00000000000001 0.7750160353884327 0.914460649304169 0.0006081125068233053
7200 80967598 7.859176839918663e-10 167.22313515056615 0.8192862363842878 0.9605642689754004 0.0031748453035673474
10800 121451396 6.897116158091575e-10 120.71726136002833 0.7876441594957543 0.9848783014459654 0.00390638621830391
14400 161935195 5.563431322934078e-10 156.4898348550288 0.8797183961923032 0.9897234588880769 0.005403560825320755
18000 202418993 5.250414323491101e-10 156.38300053508343 0.8833888245575047 0.9927446071751954 0.006386700325607447
21600 242902792 5.054761191616147e-10 156.28460198244042 0.8858427869047214 0.9948673573180321 0.006908316644242026
25200 283386590 4.801999342515788e-10 156.17121235352667 0.8898841289220255 0.9962659159827371 0.006956873620483
28800 323870389 4.721026315081706e-10 156.13776456772575 0.8906983131281959 0.9968728469482228 0.008266911449055092
32400 364354187 4.5596951180032895e-10 156.12025916076624 0.8932652137349621 0.9974331145119757 0.009323474572954198
36000 404837986 4.4607083449769363e-10 156.11908175183862 0.894936854763241 0.9978010740704314 0.01013287666141781
39600 445321784 4.447455505782239e-10 156.12835958975526 0.8949279936995349 0.9981150502401844 0.011131349010779348
43200 485805583 4.441045424099458e-10 156.14656007055905 0.8948113980407432 0.9982481716972675 0.012936670681241241
46800 526289382 4.4333407580893276e-10 156.1715427078622 0.8946981414765256 0.9983726508677514 0.014990842798072411
50400 566773180 4.4292036511369844e-10 156.19485575392406 0.8945631151943771 0.9985065559214588 0.01648655142807357
54000 607256979 4.425346940664329e-10 156.22873499250363 0.8943732480696992 0.9985360349529802 0.0197577999420836
57600 647740777 4.4231493504349063e-10 156.2614170545233 0.8941977608828398 0.9985541079789467 0.02311025014944915
61200 688224576 4.421655064092791e-10 156.30251625052102 0.8939827894779618 0.9985339281822926 0.028170776681157556
64800 728708374 4.42116637652752e-10 156.33963026518623 0.893794139152555 0.9985218900625977 0.033018268726374665
68400 769192173 4.4213819208426466e-10 156.38120174281292 0.8935847800724442 0.9984623846925231 0.040010520320556894
72000 809675971 4.422230091362736e-10 156.4267474305991 0.8933578194672793 0.9983632689416223 0.049486166490916646
75600 850159770 4.423631196322811e-10 156.47238526945583 0.8931325530587255 0.9982428913996005 0.060955400695503606
79200 890643568 4.425530617004022e-10 156.52161334926177 0.8928925866770221 0.9981137052590948 0.0749928913996497
82800 904880371 4.4262633708335737e-10 156.53857324274227 0.8928106701816088 0.9980726072855577 0.08015232565062062
