3600 40483799 7.169048654363785e-10 199.9999153623986 0.939867868767099 0.9988805751896056 2.1527210381537555e-05
7200 80967598 2.6758998896598227e-10 199.9999999999999 0.9658517625333541 0.9761134005518258 0.0017433889306049913
10800 121451396 3.817406862329591e-10 157.7245281298228 0.8915090564216385 0.9884924136964433 0.0023611015522556045
14400 161935195 4.2858949210387063e-10 157.9425947848278 0.8866929507046462 0.9929910730762727 0.0029416685709055305
18000 202418993 4.432348301576333e-10 157.75772748012983 0.88468861528367 0.9954488790581787 0.0033238816069165187
21600 242902792 4.442508746632531e-10 158.06443422681647 0.8850798504818858 0.9974588640258183 0.003329737490638952
25200 283386590 4.461774748994014e-10 158.0130513817417 0.8846871271501721 0.9983067720757045 0.0033821886660951924
28800 323870389 4.4475777712716447e-10 157.9835205288521 0.8848230142600187 0.998811909331898 0.003422249986211464
32400 364354187 4.4366300040247736e-10 158.01240152281784 0.8850425876232065 0.9991134400552498 0.0034618552379375106
36000 404837986 4.4211940932282635e-10 158.00205267272378 0.8852844658955147 0.9993039627844544 0.0035316880803074983
39600 445321784 4.394476087753543e-10 157.98882904073378 0.8858312223843802 0.9994324494448533 0.0036315661228962784
43200 485805583 4.381254199085063e-10 157.98144293510592 0.8861084360969812 0.9995319495475635 0.003672788063462411
46800 526289382 4.368578450641679e-10 157.9757000315297 0.8863812992468365 0.999600834554219 0.0037399105135177066
50400 566773180 4.352732784109525e-10 157.969463891122 0.8866537385473048 0.9996465152518687 0.003975318966062048
54000 607256979 4.351931986603447e-10 157.9672072937367 0.8865561624934165 0.9996795571048765 0.004366001943892323
57600 647740777 4.353659513119717e-10 157.97005513548194 0.886404997210403 0.9997009567404319 0.004868516681936116
61200 688224576 4.3550752860168197e-10 157.97555564278696 0.886282611847107 0.9997257606899546 0.0051859094943436795
64800 728708374 4.3514523025446277e-10 157.9869421714737 0.8861955799550119 0.9997323496013565 0.005874062165433289
68400 769192173 4.3722081603104644e-10 157.99605482728697 0.8857093024412035 0.9997143271686909 0.006966867716866278
72000 809675971 4.397164600131429e-10 158.0264905577002 0.884748239531848 0.9996800933327332 0.009380291281282106
75600 850159770 4.3771519763060683e-10 158.0700908964431 0.8850382927447842 0.9996575272732939 0.011566670852032326
79200 890643568 4.421038354232498e-10 158.12390567840936 0.883890545620608 0.999568504956261 0.01798306092879058
82800 931127367 4.3397064686125743e-10 157.85091676461934 0.8857680638626132 0.9996218606827943 0.018139469691730227
86400 971611166 4.3522942253619217e-10 157.88342323731382 0.8852338930223651 0.9995599177828831 0.02417309273725421
90000 1012094964 4.3539062290035006e-10 157.9182260241345 0.8848392988805472 0.9994977843153923 0.03043540412817856
93600 1027939873 4.369835252427623e-10 157.93180904265816 0.8844407892821136 0.9994524431814609 0.03563624595282598
