3600 40483799 2.713669809120056e-10 199.9999999728152 0.9618274585815241 0.930755902256659 0.0004268685145000426
7200 80967598 3.7974080120138396e-10 157.22541006794853 0.8862510528212407 0.981220776982648 0.0006676096669483661
10800 121451396 4.959087800794127e-10 159.4078788752645 0.8772552163979213 0.9911542353405114 0.000996135092838746
14400 161935195 4.76969485690538e-10 158.75658931989076 0.879079155444328 0.9950790468582495 0.001391834275644793
18000 202418993 4.599941331910966e-10 158.37417099929166 0.8808834390833634 0.9972993428227794 0.00154188907140891
21600 242902792 4.622276886622921e-10 158.38815023464295 0.8805625642431761 0.9982124341303034 0.001555623028550269
25200 283386590 4.528142968229795e-10 158.3308400848913 0.8822350050359763 0.9986892057385974 0.0018233728379858298
28800 323870389 4.440415809604298e-10 158.27597788441338 0.88383926023747 0.9990404818011501 0.002000376804166341
32400 364354187 4.413334861823564e-10 158.25386688603746 0.8844293813595481 0.9992807989617296 0.002022083211648216
36000 404837986 4.4184498242865527e-10 158.23726910609327 0.8842118775541556 0.9994157399885102 0.002113804232954412
39600 445321784 4.363551545123234e-10 158.2114004647226 0.8853440325909058 0.9994684315327376 0.0025629324974063674
43200 485805583 4.342962247172624e-10 158.19845550308352 0.8856004211921776 0.9994906978344009 0.0031462273691134977
46800 526289382 4.3354995207508834e-10 158.1965578474895 0.8855428493074328 0.9995087295423586 0.0038497013820880032
50400 566773180 4.331466486692415e-10 158.20495261436065 0.8854121119723605 0.9995027326822254 0.004799162373384208
54000 607256979 4.3365532662616774e-10 158.22028527791974 0.8851291364347962 0.9995043713258729 0.005787226508958907
57600 647740777 4.333595010064522e-10 158.2406807569249 0.8850102615743765 0.9995259743633809 0.006514786904042121
61200 688224576 4.3417322724128465e-10 158.2538434225717 0.884740244052222 0.9995664617092478 0.006915124927279514
64800 728708374 4.352940064201431e-10 158.28123126912755 0.8843192587221979 0.9995552146819999 0.008256915645877173
68400 769192173 4.3443402357832826e-10 158.3214393583245 0.884279810605282 0.999552049904233 0.00946570033746983
72000 809675971 4.3633285119681414e-10 158.35781418457574 0.883735546425412 0.9995171355315214 0.011804013813655067
75600 850159770 4.3826867252560047e-10 158.40995635956824 0.8830091251418165 0.9994565465824062 0.01532169005025107
79200 890643568 4.4064179705455614e-10 158.46970074008894 0.8821512520397038 0.9993765977080153 0.020184928921738707
82800 931127367 4.417182152409312e-10 158.53182343064964 0.8816145892818766 0.9993223242864152 0.02448273218868301
86400 971611166 4.3253957189977195e-10 158.16676525578296 0.883936573334712 0.9994395793667328 0.023645456492652286
90000 1012094964 4.329793757927569e-10 158.19824051087758 0.8835505938977269 0.9993883648286621 0.02843913868710248
93600 1030526338 4.342169434890852e-10 158.2124528600709 0.8831991429087874 0.9993392256825175 0.0328802801518948
