3600 40483799 2.221969348537867e-10 199.99999952571545 0.9683362474684338 0.9261415473377945 0.00020979705962710123
7200 80967598 4.259844843500222e-10 100.00089731499591 0.7667254360823976 0.9848024211271245 0.0004434861040811467
10800 121451396 4.690925525705369e-10 100.00000868765001 0.7625965298451934 0.9947352095161831 0.0005020910734326476
14400 161935195 4.733000853043172e-10 148.9873286462039 0.8674313055565829 0.9969474455052069 0.0006273353656036713
18000 202418993 4.782082049294155e-10 158.66567313990691 0.8836094046284712 0.9984886195139888 0.0006483701331548216
21600 242902792 4.871197078349949e-10 158.91923230037398 0.8826373735415876 0.9989397288135274 0.0007603228045599397
25200 283386590 4.739600647556668e-10 158.47271044841813 0.8840515463141124 0.9990395715585595 0.0012168574773578837
28800 323870389 4.67264683236229e-10 157.842143969942 0.8841033469824228 0.9992086047511565 0.0015014326367635694
32400 364354187 4.617775464344551e-10 158.16268059514726 0.885560976205703 0.9993389910333832 0.0018123116538998538
36000 404837986 4.5757898937339495e-10 157.8673657023339 0.8857314267810713 0.9993413132256712 0.002406776815051801
39600 445321784 4.544591838991466e-10 157.56293098938943 0.885659984931368 0.99935902231599 0.0030880837138832543
43200 485805583 4.526752104851825e-10 157.26374635535439 0.8852947480765352 0.9993471707238182 0.004030003266145895
46800 526289382 4.4950205578919514e-10 157.61669484981144 0.8862776170663025 0.999336209017868 0.005148980605803143
50400 566773180 4.4525091757331854e-10 157.5103441831818 0.8870647628848558 0.9993885117219506 0.005817604319433354
54000 607256979 4.4269464746678365e-10 157.49929003469447 0.8874819392727636 0.9993911276110635 0.00697677521829386
57600 647740777 4.355252694968063e-10 157.32715665690347 0.8888230522051875 0.9994683544550825 0.007092896026569485
61200 688224576 4.3536480035011853e-10 157.354655488027 0.888746206944772 0.9994916234260189 0.007937514082808402
64800 728708374 4.3551593767524996e-10 157.38027733406682 0.8886306956563559 0.9995058474624273 0.008938173032231928
68400 769192173 4.360834058074533e-10 157.41181188187664 0.8884175689258336 0.9994786723798176 0.011243746093888268
72000 809675971 4.3702994728430745e-10 157.44178038825018 0.8880516296196742 0.999449403013441 0.013850124565685538
75600 850159770 4.3808641702421626e-10 157.47058243240483 0.8876233321315266 0.9994127423925584 0.016916905932693464
79200 890643568 4.383161827622254e-10 157.49832642563285 0.8872510988407653 0.9993852810935859 0.019407690242111284
82800 931127367 4.338327812978296e-10 157.52689362552783 0.8882560458054835 0.9994082358903885 0.02030365220528421
86400 937222428 4.3392006128826783e-10 157.53204026840987 0.8882200584840565 0.9994010339087118 0.02102840219355521
