3600 40483799 2.736059085854438e-10 100.00000005260618 0.7782621370486615 0.9355693267796444 0.0005603427455802566
7200 80967598 5.519206076214182e-10 100.00000050214874 0.7634843851747156 0.9876584079839725 0.001003591518179217
10800 121451396 5.813035536879576e-10 100.00000080357889 0.7606774396991329 0.996237564444046 0.0010643788593138511
14400 161935195 5.615463550537402e-10 158.26450387388869 0.8847826433086462 0.9981920099516509 0.0011771379870597813
18000 202418993 5.847246896035001e-10 100.00000000311834 0.7603006525873683 0.9990036326639339 0.0011137081977137054
21600 242902792 5.540128935073769e-10 158.56770226350628 0.8862964190905452 0.9992620231278512 0.0013806834014977842
25200 283386590 5.493331056984017e-10 158.4275989758808 0.88671866195008 0.9994777711890112 0.0014888067305103068
28800 323870389 5.404718263949124e-10 157.5305402121176 0.8866883403582732 0.9995625762010185 0.0017942808670446861
32400 364354187 5.400855032156366e-10 155.77453966842253 0.8834947577034075 0.9995833606204255 0.002406106547529638
36000 404837986 5.359878708502319e-10 155.33193712377377 0.8833483919873938 0.999624764243273 0.002883528038143795
39600 445321784 5.240599222318649e-10 155.0065506786586 0.8852359294354978 0.9996814098321657 0.0028356729790961024
43200 485805583 5.227905215408834e-10 155.0064851146119 0.885300498259163 0.9996292910691299 0.004406491374974395
46800 526289382 5.106745002651203e-10 155.0057571580451 0.8875186733556462 0.9994293784422675 0.009026417605965849
50400 566773180 4.969616035934259e-10 155.004129896756 0.890121615580063 0.9992747311061789 0.01346359953915761
54000 607256979 4.929634352411064e-10 155.00388851018144 0.8906895191496821 0.9991771486725606 0.018850187057790492
57600 647740777 4.750813729243285e-10 155.0023413087912 0.8943227757490033 0.9989896828918038 0.024188857448604387
61200 688224576 4.696813896562457e-10 155.00194760700643 0.8952607839040837 0.9989334403035606 0.02926783896519
64800 728708374 4.5833775972839565e-10 155.00077544716729 0.8980727063117077 0.9987152470136841 0.0384766058999115
68400 769192173 4.528147187115583e-10 155.00056797463967 0.8985876405325434 0.9986883406506195 0.044033211334056695
72000 809675971 4.661923082197858e-10 155.0019364052355 0.8952579533710485 0.9988735499955693 0.04815586301777782
75600 850159770 4.550247079114154e-10 155.00083041406785 0.8979387195634797 0.9987685319525391 0.05609231321012938
79200 890643568 4.537040732110176e-10 155.00076403321992 0.8980829867429018 0.9987394291377619 0.06498258795872522
82800 893207542 4.5144408561928267e-10 155.00057294639265 0.8985682528317784 0.9987186165009092 0.06536832118574573
