3600 40483799 3.33945929496272e-10 199.99999608752182 0.9623561865179308 0.9746161690615961 9.082181141665024e-05
7200 80967598 6.585431317549101e-10 100.00087230274333 0.7497451161992873 0.9958286031229879 0.00016715781059937256
10800 121451396 6.660183623559154e-10 100.00008100740844 0.7488278036912069 0.9984627922405126 0.0001855889586256361
14400 161935195 5.974285996712527e-10 158.33385250239198 0.880825803237094 0.9986117769103434 0.00041836566826139666
18000 202418993 5.893042986473173e-10 159.33666444392014 0.8836845804868227 0.9991894140774248 0.0004628932510365693
21600 242902792 5.481371753982155e-10 157.93523894342752 0.8874013605686148 0.9957652386555609 0.004446928495737781
25200 283386590 5.102042076469494e-10 157.17324570180685 0.8912820852998435 0.9959174228760079 0.0070085106216793225
28800 323870389 4.956663106578836e-10 156.80002133058605 0.892741487030303 0.9968044004074368 0.007680079948303953
32400 364354187 4.867309177453139e-10 156.61845010148267 0.8937013559593764 0.9975553952975585 0.007986455642879304
36000 404837986 4.722947425908613e-10 155.7053874213449 0.8946319408350688 0.9980862062528909 0.008134904933212065
39600 445321784 4.687363125699111e-10 155.64716882522882 0.8949616564914552 0.9984179627796678 0.008610994608685385
43200 485805583 4.5676616795584264e-10 155.5983528498553 0.8972033042202213 0.998624249677699 0.008979309474948712
46800 526289382 4.555101773949904e-10 155.5613416413177 0.8972821747839557 0.9987505815845499 0.009927222968565635
50400 566773180 4.5431404983498445e-10 155.53364484449185 0.897334782417492 0.9988519882800659 0.01128086942717386
54000 607256979 4.5324684584125025e-10 155.51956908013628 0.897364506205728 0.998927675868956 0.012833183641065017
57600 647740777 4.521036058966202e-10 155.5171030190829 0.8973822652816174 0.998949791525203 0.015059129874022997
61200 688224576 4.5093416016477933e-10 155.52373289712287 0.897384590896834 0.9989695747883863 0.017612076223230095
64800 728708374 4.5032119799589453e-10 155.53431997561182 0.897340751495422 0.9990149887098585 0.019589197355401492
68400 769192173 4.5020829462761915e-10 155.55138254918944 0.8972126908820018 0.9989995711053241 0.023160501455314546
72000 809675971 4.502131118805008e-10 155.58002540056384 0.8970071773137646 0.9989079610302442 0.029915531609301924
75600 850159770 4.505984316648343e-10 155.61516954303775 0.896733381269078 0.9987925027427946 0.03894343636001622
79200 859988337 4.5075023724321945e-10 155.62364619831627 0.8966623085146521 0.9987581180716675 0.041466585039981275
