3600 40483799 5.077488096642772e-10 157.27943325592565 0.8914719620116236 0.9846853255510388 0.00044133273371397533
7200 80967598 7.333888295243603e-10 100.00000065776575 0.7541894254782422 0.9961593598422062 0.0006648832925864912
10800 121451396 7.602788352056588e-10 100.00047252805439 0.7511369194147709 0.9985484949100268 0.0007202857936563477
14400 161935195 7.046600051753251e-10 159.27024665199474 0.8820459754641512 0.9975985554119731 0.002870230472173555
18000 202418993 6.607739849886209e-10 158.50158521464525 0.8860995941068779 0.99779140221227 0.004646780011471794
21600 242902792 6.482273985579654e-10 158.28029852538458 0.8872999761438995 0.9983023637337378 0.005487698212102669
25200 283386590 6.304105792208511e-10 156.6122435487837 0.8864455644543658 0.9984052944718773 0.007716728479941704
28800 323870389 6.023226159983977e-10 156.33729235432332 0.8901952388879598 0.9986287920249871 0.008724527419443767
32400 364354187 5.872332902054037e-10 156.12497634774817 0.8920385031472978 0.9986152619256552 0.01158879110816454
36000 404837986 5.776944265626269e-10 155.96482837352406 0.8929610172596221 0.9985881481695317 0.014896742935496261
39600 445321784 5.666907747573106e-10 155.81519337631838 0.894205896134336 0.9985795760650601 0.018789732651315484
43200 485805583 5.545436607934021e-10 155.69327156641836 0.8958061411737476 0.998548229123907 0.023205084206938422
46800 526289382 5.465241125728098e-10 155.59751260944606 0.8967569966644945 0.9985222255163306 0.028023766399265942
50400 566773180 5.372458349328586e-10 155.5125962839858 0.8979763549100189 0.9983673676429466 0.037340010156540364
54000 607256979 5.330413207519713e-10 155.44792350356224 0.8982607826118977 0.9982565791985419 0.04738137294818849
57600 647740777 5.294732899667757e-10 155.3990141735232 0.8984626002335908 0.9981057514036729 0.060774457309544554
61200 688224576 5.262262008721758e-10 155.35842888892682 0.8986048469608927 0.9979718558345455 0.07679255437087072
64800 728708374 5.239942069743216e-10 155.33782384260587 0.8986210035634634 0.9978117624994488 0.09526542587275867
68400 769192173 5.223685637901752e-10 155.3320833753985 0.898491610710547 0.9975741762944966 0.12249297650713194
72000 809675971 5.202474504335921e-10 155.341950461632 0.8984230810913362 0.9973441003789186 0.15392907771657235
75600 850159770 5.199558277286303e-10 155.36177213659695 0.8981634268138535 0.9971419929457813 0.18329291119680713
79200 890643568 5.200176630914864e-10 155.36368852031083 0.8981480021539932 0.9971167560249053 0.1853941267740473
82800 931127367 5.200998100310461e-10 155.36604067660613 0.8981292685752976 0.9970796786804129 0.18851579770552
86400 971611166 5.200126447629971e-10 155.36433334443998 0.8981369944210025 0.9971372959833419 0.1853072201455055
90000 1012094964 5.227118213332583e-10 155.45313308385957 0.8972796378360633 0.9968147677066103 0.24966010863920757
93600 1052578763 5.253377910050091e-10 155.54949440689293 0.8964514667510871 0.9965211191503549 0.31527154580368105
97200 1093062561 5.27611352786233e-10 155.66960654299325 0.895655529657672 0.9962151783932263 0.3894745267451769
100800 1133546360 5.310328945265623e-10 155.8037873514956 0.8946872439622764 0.9958823638948582 0.474733241503033
104400 1174030158 5.346440741282212e-10 155.94566946645043 0.8937080548846218 0.9955580885417179 0.5637350750905411
108000 1214513957 4.990271087395346e-10 154.69875997277904 0.8968294219092944 0.9958359228053911 0.47728639867837774
111600 1229358016 4.954662045590397e-10 154.7278562039923 0.8970829158883976 0.9956122306908723 0.5007701891805019
