3600 40483799 5.907270149756296e-10 124.48575515395207 0.8243039262024726 0.9960658104589691 1.562058364973283e-05
7200 80967598 5.955729933641178e-10 199.99997973636152 0.9566491787705064 0.9967021765610545 0.000133030623448312
10800 121451396 6.298456460556458e-10 179.27033508294184 0.923378348665175 0.9988935286864604 0.00013575870974570831
14400 161935195 6.251004141858497e-10 157.93259184234577 0.8894815791708308 0.9994663577192335 0.00021160075931540148
18000 202418993 6.122703490546626e-10 157.64626440081182 0.8904921460946789 0.9995676027000948 0.00029955219905234803
21600 242902792 5.919880253152045e-10 156.95823029707515 0.8920874852347666 0.9995819530045751 0.0004984552369513852
25200 283386590 5.880485354400363e-10 155.80608039096927 0.8904059123731819 0.9995515917019951 0.0008231156437865553
28800 323870389 5.698488982783834e-10 155.44624062411438 0.8925949708095722 0.9995395088491231 0.0011799226508953879
32400 364354187 5.558837829111566e-10 155.27483547126505 0.8943846394526904 0.9994582800592329 0.002018886124632399
36000 404837986 5.48009587942428e-10 155.15939760630204 0.8953270601918039 0.999426496354794 0.002823038249048756
39600 445321784 5.31851934867819e-10 155.06399939255982 0.8978460536450713 0.9993048008868525 0.0042260525328617
43200 485805583 5.200286339151606e-10 154.96767283315566 0.8994666488648171 0.999086898503209 0.007371903519725636
46800 526289382 5.105262048231461e-10 154.89175880425753 0.9007500660868348 0.9988084036093615 0.012467221035759863
50400 566773180 5.034414238461984e-10 154.843801270883 0.9017285519495905 0.9986124129926546 0.01753788170763907
54000 607256979 5.009670929952519e-10 154.8097246722565 0.9017896292735976 0.9983913277588969 0.025108908605155304
57600 647740777 4.989134513512702e-10 154.79130126967834 0.9017657992736816 0.9981434121556958 0.03516788604202831
61200 688224576 4.99705616627188e-10 154.78979135842062 0.9013438333989836 0.9978567625373503 0.04822886239751135
64800 728708374 4.986418926586739e-10 154.80696208806057 0.9011984569474916 0.9975019216865566 0.06610143229501328
68400 749006501 4.985964014359096e-10 154.8240513292254 0.9010175487998368 0.9972764618550517 0.07807476510629481
