3600 40483799 9.903197486296813e-10 199.99999980931125 0.9436318469609655 0.990221011823444 0.0001641043975310426
7200 80967598 7.222779346142901e-10 199.99935326547356 0.9619274768356169 0.9966741095231123 0.0003264771826124022
10800 121451396 3.288039915639229e-10 199.99988043082385 0.9856975768027394 0.9536397096301827 0.010182980320964586
14400 161935195 3.6608410802500067e-10 199.99550961068496 0.9830728078946516 0.9747636173293616 0.011424781378987319
18000 202418993 4.2864799628074445e-10 154.10886620484754 0.9063654018924764 0.9832174986961161 0.013611519798390549
21600 242902792 4.52860882037332e-10 154.34527024807088 0.9046187933681437 0.9886720321665634 0.015289835633872163
25200 283386590 4.666157646258124e-10 155.58374692250334 0.9053750046048242 0.9920016387824139 0.016259802316634105
28800 323870389 4.746782498787448e-10 154.86086709079106 0.9032751774492288 0.9943635691198701 0.016538106611676137
32400 364354187 4.779528438196838e-10 154.91886906469205 0.9030171835148221 0.9957989870909297 0.01662161877380977
36000 404837986 4.785254772166126e-10 154.81062677730526 0.9027907133653821 0.9968131902512838 0.016651953413453185
39600 445321784 4.767154156883948e-10 154.65740551254535 0.9026791230875506 0.9974370361509945 0.01696815337538976
43200 485805583 4.741506208525595e-10 154.51208710192486 0.9026868589817553 0.9978674911070508 0.017747526988788703
46800 526289382 4.717642198077905e-10 154.39192041009528 0.9026738180927595 0.9981406567680285 0.018749858574019247
50400 566773180 4.680904658329529e-10 154.22750041363912 0.9026690916844551 0.9982979438502126 0.021209762607108752
54000 607256979 4.651230094621319e-10 154.07259905594333 0.902501559896554 0.9983376618661883 0.02494207426517145
57600 647740777 4.6456690691602456e-10 153.8366615071041 0.9019045295120008 0.9982799689575499 0.03180108556039181
61200 680161553 4.656638711725284e-10 153.6054953965044 0.9011216979833826 0.998190504320261 0.039328194177553295
